5492
2138
2169
97
6518
6851
2065
653
2474
3633
5749
831
3082
1100
2760
1985
4261
1648
343
195
2029
2098
234
6430
4545
4439
1614
3225
4854
6551
5277
6156
6166
2280
4164
4339
1863
5606
136
2102
1975
126
5953
5517
3698
2600
3050
4813
3685
4951
5489
1327
535
4367
6635
3464
1444
893
3478
5636
3450
4875
418
3623
3744
4535
6011
3214
1432
2790
4371
2351
4446
4097
6880
4463
1223
1838
6708
5642
1255
161
6068
3325
5084
2456
1896
4269
2753
5850
4714
2937
3902
4461
6827
4776
6943
1935
4929
3632
4287
6065
1890
6563
192
1208
1092
5012
5992
6801
4278
6292
2721
6421
5251
4143
2058
2361
1375
2423
5967
505
227
6510
1759
4029
3594
4040
5666
5844
1443
5721
3430
5902
6541
6390
177
806
4026
3507
1808
6327
3724
1168
862
1632
6899
4564
194
447
4910
5638
1143
3173
4719
4211
2958
2941
3905
6494
832
2681
3152
4229
5727
5677
2421
356
1488
2652
546
486
2205
438
6031
3244
4932
4732
1165
931
302
4723
1336
5718
2978
5532
6522
4860
4798
393
6357
1147
261
5930
2023
2086
1582
3054
6565
5341
2831
1034
2876
1300
5347
105
5504
6137
672
5236
4890
3600
2067
991
4754
817
2929
6918
3252
6055
5738
2856
5947
4058
2087
2244
5039
2843
610
5474
5362
800
1496
3930
1620
2147
3354
2106
3323
4917
4431
403
6958
1750
1007
2640
1969
2624
4382
4350
1150
2821
1446
2384
4440
5908
6225
2578
1420
6028
6873
1500
5683
6287
5622
74
3189
4053
6831
322
1472
1704
3194
6971
3019
2017
2829
5728
4316
586
5546
5014
4054
4230
956
6418
2815
1400
4170
2504
5574
2586
5702
5541
6322
4449
5112
2183
2495
1702
5389
6774
6164
5141
6682
3398
2071
5002
6498
2148
52
612
2777
4916
2875
5178
4592
3702
2654
4710
6457
3904
6902
2231
6342
5663
2095
5747
2229
1096
1984
6534
4330
2633
5711
2261
4796
2607
5312
6597
2795
3661
5150
5836
6554
6408
3590
1698
3541
4998
902
5601
6032
2610
5426
1381
6741
1908
61
2300
1054
580
1497
3108
3023
6219
4483
3836
1886
2550
4468
748
2012
3909
6272
2333
3900
5582
3274
6013
1540
6606
4760
6719
6432
3591
4928
4689
2583
6436
1203
273
686
2706
4176
5822
1251
2332
4692
3253
564
901
4201
6686
4729
1521
4947
668
2981
3537
5592
367
6789
4841
3650
3331
2359
1580
811
3601
6952
3941
4359
2343
6622
5307
309
802
3436
3061
3349
4137
4462
220
6699
3990
3997
489
1826
2047
5383
2434
3745
6003
5691
5234
5987
4130
2862
361
2180
523
6497
3937
250
6511
4128
5956
467
26
2560
4730
742
4865
405
5437
5665
55
247
1072
2942
6141
2256
3987
5028
4086
6130
6619
4323
4532
1530
3367
5813
2542
4484
5130
645
2938
4197
5775
3207
1228
4051
5999
5490
6893
1952
5411
4925
3473
827
5793
6966
3846
2262
2365
13
5779
2946
4299
5935
6975
1763
3991
3079
5079
5605
3448
5447
1128
6388
2113
1979
2127
6191
2928
6992
3827
2204
1604
4193
2606
4023
2109
528
4780
6950
3096
500
2828
218
713
540
503
58
2217
3578
6566
4003
4621
2715
3825
1656
6616
4445
5468
4905
909
2170
5729
6262
4165
6730
358
2045
3802
4637
2285
1464
4514
6187
7
1214
17
6147
6464
3230
6426
6853
2007
174
5645
3262
4682
5977
678
4437
3525
5737
2884
4520
5022
3959
2549
2033
2316
5732
6165
965
848
502
5291
6750
921
2993
1366
6714
3582
4116
2310
3896
1762
6553
141
658
1135
5265
3081
2770
5955
2964
5720
5660
982
515
4485
3895
146
3875
5116
188
3110
5918
6930
5324
5199
6428
4690
1783
6409
2689
5368
5194
6729
2174
5784
1025
204
6452
4642
4400
1695
6508
2407
5056
6220
5354
2198
1194
394
6178
3070
3069
1315
3514
6960
1257
4087
6915
5185
1710
6773
6885
596
5857
317
4640
6736
3564
1523
4337
6911
5584
6040
4366
6936
4541
670
6900
5735
6077
2982
1316
3440
5315
3487
2707
1089
5137
4688
6201
5628
3004
4651
3121
2971
2013
6230
4512
4497
5473
5647
3996
5906
636
834
3988
1910
5964
1039
6422
5456
2803
2891
5564
2698
6711
6726
1505
5734
2823
3352
6775
2751
3281
3399
5461
1866
2464
2175
5631
230
852
4255
4630
4107
5308
4224
5224
883
2984
5851
2303
3132
3133
5227
4870
3911
5530
20
3658
4846
2949
6569
6382
4685
1517
734
5980
1293
4987
1442
758
1204
1132
3251
6
6844
4093
2191
4566
4172
6791
6363
1038
6311
6577
6855
3315
844
3638
5198
4915
4480
4283
6672
6243
536
4310
3467
4705
2490
3620
5348
615
4597
6069
3193
1276
6048
154
2428
688
2680
5029
4699
5629
6353
2160
4008
747
1851
2416
3822
6863
2683
327
1073
4912
4412
582
704
1907
2458
2221
3298
4348
5357
1105
3859
2111
545
3268
3753
6939
254
6066
793
4063
693
3371
4711
4605
3378
3510
2380
2667
5654
1859
4044
3544
406
6112
5536
6398
3718
4561
6218
1641
3280
5695
2998
2286
1236
1734
1590
3093
430
2018
5897
2912
3409
460
4934
5973
2242
4660
2050
291
163
4617
1176
5928
3776
4076
2739
4247
5050
1741
6025
2197
6935
6529
4817
1678
1070
297
2703
5463
2355
376
2644
2136
2239
1528
1778
3299
5927
5241
5842
2430
566
4898
196
3519
1539
3956
3676
5817
5525
4050
239
2167
1273
2743
378
5706
4704
1402
6938
4499
3994
2797
763
1198
4991
1653
4840
2452
3998
857
3396
148
6854
1774
1332
3361
1737
898
6949
3224
1978
4975
5382
5815
3005
4973
2373
4150
119
5633
5040
4343
147
298
3179
6692
4942
1378
5713
4560
1513
1323
4763
5714
6059
4548
228
1295
3273
3265
5104
138
274
3968
3903
2713
1787
4996
3610
2291
166
495
1548
5785
1333
3919
3720
99
2315
2545
1554
2731
2557
4582
3291
6407
2999
6634
1923
169
2177
4081
651
574
332
2139
3694
1455
5327
3088
2848
6058
3670
2470
1519
6260
4626
6997
2789
709
2074
2530
2650
3912
2660
6751
5869
2182
294
1022
3303
6840
6882
5854
490
6288
2070
6349
6667
1872
3237
5387
1933
5838
4680
2534
2939
5911
2449
2090
2890
2112
6678
352
2400
2307
6278
1963
4546
4884
6703
6081
3563
3068
2951
5656
1499
5615
6680
203
6785
579
4606
6784
524
1663
513
3330
4657
4030
5011
1699
6038
6845
5961
6232
2518
6485
3794
6211
4363
2699
527
5671
3848
3242
675
1031
283
5778
1229
6731
5965
2634
477
6506
1654
5915
753
2035
6948
4667
235
1930
1134
2983
3482
1668
4652
1832
1744
1220
4881
4527
6755
4242
3796
4848
3557
6431
6134
4634
6080
4329
3758
122
2364
3735
6305
3151
4734
4138
1893
5668
741
4370
1862
5883
50
663
5821
728
72
5126
3833
5981
6449
2639
2997
2326
6487
3654
6761
4185
4127
6309
1748
3538
3500
6646
1298
33
1215
4788
2014
4092
3222
4724
1849
1151
5076
6788
6961
5920
5218
4555
1459
5401
5495
1911
2767
3526
5867
3890
1428
3585
4237
3293
2954
3868
1677
475
6868
2994
4406
5634
3618
4551
1989
2573
5444
1674
4619
1721
3611
6818
6883
6203
1830
5896
3863
6941
3033
2985
1798
3404
3569
842
2339
6424
5232
4707
4027
2199
3562
4452
544
5281
3806
1983
3365
3741
6167
4231
4677
2240
2388
284
1964
2620
5466
3653
2435
5757
2030
4390
750
2114
5783
4785
6175
3374
3550
2298
2953
5595
5338
1827
5153
6246
3572
407
2935
770
4771
4585
6018
4608
3554
4272
6315
6613
4550
3266
3881
6578
5171
870
4852
2376
6603
2418
1123
1242
6701
951
4563
2910
2724
2340
2245
3460
4442
508
1088
3342
6728
4909
4612
816
2104
5625
2682
3969
3673
4769
345
4665
4751
6105
4997
6957
3198
4286
2305
4955
1129
6722
4745
836
5430
2588
6163
6374
5704
6837
4752
3614
6306
6679
1994
2705
3474
2037
1238
1352
2580
4794
2695
5754
4671
2489
5499
3452
5017
5774
1278
1538
4385
1991
6502
1587
2105
3326
3906
2412
5970
2096
4108
2535
2822
2073
1473
1166
2393
4096
1924
5569
4134
787
2719
2629
4241
6876
1374
5619
3039
5205
2235
6329
2319
797
855
492
344
2656
4120
980
49
1095
948
59
485
5651
6842
1185
5182
2063
1437
1280
3943
6169
2487
5891
3651
3427
1479
4584
6527
2702
301
5557
629
5690
4726
5512
2864
4672
1629
3929
5020
6745
3777
4495
2078
4851
5788
4686
3949
5617
3849
2207
5819
6629
4519
2190
6420
846
3022
1793
2318
4070
1337
144
970
2526
5996
5806
4225
5498
5252
167
4636
2537
4475
3186
404
4523
3085
3608
4972
2427
3397
4238
1482
4105
1119
712
1466
3754
4302
5293
5215
3497
6076
6574
6921
5744
520
4538
6931
6111
3786
1282
4599
591
2501
4521
923
1591
2151
1867
2582
978
1775
6012
4321
3536
1571
2386
5135
657
1828
6767
6313
4354
6866
4277
494
4889
5932
3515
821
6053
355
1842
1079
2019
5074
5259
6907
2957
4264
4492
903
6339
2144
719
434
2736
706
1190
3793
4000
2916
5537
1060
860
2381
1330
4409
2236
1599
3660
5591
4381
6959
1042
1585
4995
572
6928
5544
3767
3206
5758
200
450
3116
1966
4318
1044
3838
906
3451
6929
2540
1692
6540
1210
3931
3927
6321
158
6717
1917
5487
1193
2511
1456
2027
1099
71
6245
68
4217
4077
975
6454
3239
4782
6279
6886
6127
3295
1265
3008
5998
3453
6535
5318
5005
341
3347
5649
6947
5846
5948
5273
6991
3853
5287
1
6387
30
193
1083
2463
5059
1345
6624
6073
1947
6368
1069
644
2553
3156
1605
1299
5165
5565
1925
4873
694
1121
2730
4675
1809
2723
856
3337
3137
3739
4720
5068
6760
41
2649
6259
5010
4055
5193
6954
984
6501
2420
1565
2879
5986
647
6226
5914
6822
5933
3102
3674
5794
3513
1589
415
3215
3426
381
2945
6993
1913
619
5036
1285
518
4043
3872
5469
1483
700
4635
5849
791
1716
6593
2475
5812
1747
3965
1647
1040
3455
1739
2950
822
6389
6967
2088
2742
765
4670
5522
569
3345
2200
255
6490
1461
854
3439
6314
3709
3313
6668
3839
6815
3308
3285
2009
6170
5157
1547
5974
2832
6998
1041
1114
5470
4443
6560
6335
2574
6995
2212
5164
6781
1683
2655
922
2055
1136
3862
5380
4668
1075
876
3743
2496
744
3339
2917
5621
6640
897
1322
462
6727
4700
5179
2672
5115
1271
4089
881
622
6086
3195
3772
3643
593
2508
4411
2569
1731
4039
4658
2874
6128
5412
5552
3297
3820
3275
6046
6455
6864
3372
1429
5342
2401
5755
3476
96
224
1140
6600
1356
4303
5053
1531
5086
6337
2441
1611
3480
1719
775
2977
620
1061
5407
2006
5213
3086
1840
2860
6413
1781
5216
6026
4985
2499
264
3400
1212
4109
305
2514
1468
6241
2263
1509
858
1691
2980
4476
3681
1157
2469
6479
2686
6375
6142
6039
3009
6159
3761
5795
6056
6470
330
6427
3080
5349
4322
6970
497
5603
6645
93
3386
4140
5321
2301
370
339
5528
5587
5051
191
1480
1056
2787
3727
4186
1529
3834
1662
6304
179
3213
3171
5613
4727
5496
4142
3364
4695
2780
6414
6914
4673
1766
3270
4837
4467
3169
6749
198
4383
3067
1291
1871
5863
960
6084
452
1230
5350
6324
493
3383
6865
334
6197
6402
3967
3692
4832
240
4042
3007
6625
3728
5067
6400
5448
1735
1098
1777
3517
3584
2216
6100
847
6782
2627
3671
6656
3950
6934
5511
2346
2196
853
3518
6190
671
1745
2176
4741
2895
446
2532
1534
4220
4736
3200
3567
2161
86
4396
3182
4114
79
5993
3640
1131
6609
4208
6372
2734
632
6753
2277
6070
175
5963
5921
1355
4213
3979
6249
5169
2040
6346
1341
3628
2158
1161
6814
5888
3759
5477
2666
4169
4971
2838
4982
2972
2051
1363
1046
5678
1880
6345
5275
3157
2101
5868
1181
5646
3726
2491
6849
5771
3954
4978
2125
2269
2118
5405
6235
139
3605
4839
5549
2015
2690
6258
1512
6590
1112
6777
4792
2934
784
1550
5374
3211
6705
3574
4434
6392
911
5874
1782
3144
5300
3897
1596
1284
5659
5032
472
5467
3145
6237
5648
3438
6465
170
4530
6145
1807
2397
5436
6677
6887
5195
5909
1360
6994
575
4465
6824
5254
6671
2665
6009
5568
470
521
4939
6858
6739
1226
4967
1965
935
5098
2408
4145
3447
1449
6861
4139
2909
2675
2670
1901
1481
2223
799
4533
5451
396
4501
1742
3118
3763
4800
5733
1878
5618
4795
3062
684
1651
730
1292
1660
2846
526
3908
5853
3125
2159
6268
5540
2218
5404
2044
5657
4859
2908
5176
3893
6746
2142
4894
6604
2053
3725
1526
1495
866
5339
6478
955
5475
129
1919
3784
624
3416
5799
6607
3461
6336
618
3322
2779
6043
3522
1196
2613
2250
2234
6089
2581
1231
4135
3444
1717
1834
6841
1177
1899
6953
6109
4979
6343
3420
1888
570
6637
639
1686
6397
3234
3528
5480
3379
269
271
5023
2004
4489
4862
4869
4090
6505
5311
4498
2773
910
559
2826
6052
5454
1192
2769
6133
947
1082
5753
5730
986
4117
1331
533
2238
6193
1453
759
3052
2816
3918
4931
6002
3343
6626
6653
3854
453
4171
6114
894
3787
6572
4338
2173
3223
3311
3065
1561
2046
6359
2612
5944
3731
2402
2528
4016
5276
2525
1394
5431
6004
3334
6194
2609
5001
3970
933
6946
4583
3031
6709
4407
5268
6394
724
2287
3057
2165
3139
5652
804
4275
6804
3626
5055
5228
1634
6001
3264
3366
1650
4312
4874
718
4855
34
272
6067
6546
2766
3267
5722
542
5685
1102
409
4703
6662
151
1180
954
2793
573
6525
6215
650
1954
4669
3258
1074
1138
3428
243
2913
3889
4132
5726
2493
5403
6664
783
5417
4807
3662
2584
6713
3324
5962
861
6605
4430
880
746
5802
4104
6889
3920
826
3595
2258
3414
2782
5791
2404
436
6393
2988
983
2570
3122
552
4474
2185
926
2940
5562
3419
4880
4653
3715
4041
491
4133
4749
3613
11
421
3580
1883
7000
2214
159
1037
6825
2363
2531
708
1804
4154
4598
3362
6198
5313
3717
2602
1219
5279
2893
3769
2807
5612
6944
185
2391
2276
5542
168
6183
4847
1673
31
1780
229
1869
5152
5694
6591
3165
6057
5997
6503
3306
6224
4471
3064
3348
5075
373
6172
4779
449
2350
6419
4218
6716
2700
5394
6060
1339
4402
4417
4716
845
1914
1417
4454
2057
5128
943
6738
5589
666
646
5143
1891
3241
6968
6293
350
2579
5388
1682
5187
764
3328
3387
1771
1696
6687
5531
5898
2630
5052
3603
3924
617
2589
2712
9
2571
6962
5072
236
1289
2732
2799
2898
5296
1657
4234
4479
4248
1876
5833
6371
287
3737
1655
2154
6440
4600
1350
6869
5765
3434
1652
3935
4914
3962
940
1174
5768
3845
6312
6537
6602
5879
2436
2547
1365
6326
4784
2321
5282
4256
1387
6062
4802
134
1170
1250
843
5505
5420
2735
6878
1722
2847
3128
6800
3683
6063
4773
3355
6151
4365
2237
3783
1059
3401
5937
5081
907
6344
156
592
3412
4472
6979
5703
3985
207
4676
6872
1362
5107
2003
4424
2516
6988
5391
1938
412
1087
280
4764
2213
3799
2930
6904
1003
4304
6819
2328
3040
4267
3561
2257
6924
3577
64
1794
6410
4306
2717
2455
4297
6999
3548
6350
813
2564
2865
1679
1693
1934
1929
1163
316
5548
4887
4325
5692
5422
223
664
2521
1843
5099
2396
440
2146
2878
3302
5409
584
683
5624
1617
4460
1438
5635
2657
5211
3319
2506
2825
1023
3645
399
3700
1248
2841
451
6273
4226
2755
5804
6797
337
4966
6972
107
2674
1133
4180
1700
92
4808
4974
1573
4386
3390
3667
1269
5457
4095
3288
1211
5423
347
420
4259
5543
1522
547
278
5644
4002
4882
1576
2451
4190
1369
4895
263
6265
913
1667
2915
251
3075
3869
6526
4098
4181
2028
4183
2152
5406
2922
1475
595
6595
5923
83
6185
1234
2861
989
6177
687
1422
276
25
5640
5585
5166
1536
6217
1720
1156
3199
2796
6332
2659
985
12
5272
1373
3938
4853
1858
4273
2472
5366
1448
6544
1658
5723
1091
6091
5479
6583
6691
54
3892
1120
581
2746
4525
738
4826
140
5994
4553
3622
1981
6533
4899
4883
1837
1955
3592
2664
5027
1109
757
5360
1207
3309
1021
2443
3090
864
2989
369
3711
4517
4473
3915
5131
625
4994
6612
1028
3708
6500
5743
285
1685
3884
4056
2137
1436
5781
1916
1940
655
2943
282
5210
928
6823
761
1559
5212
5547
516
1635
5242
4333
15
3921
6908
53
2510
2788
6530
875
841
1391
2839
392
82
5607
1633
3865
1403
4590
4202
5316
2001
2210
1305
6884
637
4948
5189
1865
6798
1898
6439
5025
3221
1764
2091
2022
466
2378
3880
5507
3551
3006
1294
5798
1944
1926
94
4250
4522
383
3953
4320
3415
5620
4993
4034
3321
3395
1506
6581
6594
4861
429
1390
95
4459
879
5602
6027
3363
3492
696
3236
4625
2168
1014
1733
4614
1328
482
1267
3721
789
4678
556
640
1738
4858
3570
5093
2792
4750
410
5094
5712
6254
304
3205
6442
4725
554
6976
722
824
4797
6723
1078
4587
5159
745
3887
4131
1724
6721
1758
6456
6444
293
6308
649
2072
135
3635
3041
4623
6816
1806
4356
792
3775
6683
5292
2794
1503
5968
3465
2756
1552
4448
6152
1127
5284
3619
2842
2914
3459
6099
939
2294
4060
1005
589
1018
2757
6987
4118
46
1786
5597
5336
766
1447
6838
994
6488
1491
2432
3318
3960
972
4759
5190
6352
1711
6589
5626
249
755
1854
4071
2800
3226
6229
5110
3254
4395
6189
5792
5031
5355
3437
1329
6769
1213
2605
4806
6132
1790
5856
6516
4575
5450
2519
2900
5481
3857
2329
774
4364
6221
5789
1304
2259
4845
2140
5262
6399
5256
3855
5184
1167
4892
4531
936
3063
3388
5958
4907
3819
635
2360
958
6725
5882
749
669
4336
1836
66
258
1974
5523
1894
1380
5497
4708
2877
4601
1347
5330
4403
1579
3693
4562
1000
5740
1574
1175
3441
2354
3304
4655
3733
4926
6631
6184
6734
2075
5269
2425
1050
4989
6378
3172
1959
91
1386
2869
457
6519
815
3874
4418
6601
4810
5939
242
173
930
4254
2852
4458
3117
4334
433
300
4646
2623
172
5192
4828
4940
3245
2264
2083
6223
4378
4391
6808
2358
439
4968
3722
3115
1490
597
1051
5421
3535
2658
1755
5015
2597
4838
6320
1124
3596
6200
5371
2857
3146
4768
4167
4111
4762
1346
4062
6096
380
2281
90
3852
5834
2460
216
4119
6733
3243
377
1086
2544
1751
2385
4643
3641
961
2791
6663
4627
5886
3530
1593
5478
465
4879
1753
4088
1928
2279
3760
155
772
1972
1376
3260
1225
4342
623
4388
889
2576
4311
2679
2395
740
1697
3498
4243
6231
5302
6870
698
5186
371
3083
3665
4913
35
4552
6592
1035
1815
51
1270
3336
4198
2439
4896
6377
6547
2604
4082
3529
2806
187
4288
4777
5266
3449
2021
830
3358
3413
3690
6582
1810
4937
2648
2740
6358
4064
6756
6836
558
6467
701
5818
4511
3815
4791
6251
677
1186
2694
4113
1153
6850
6732
4743
360
3091
2836
2353
3779
1416
4341
6820
4572
1563
1708
3581
2673
1577
3826
6538
4579
795
5485
823
6660
1430
3688
1853
425
2108
5078
5736
3691
1525
2819
6839
4603
4413
5529
1171
4349
4009
2372
3210
997
6965
427
6860
3332
1382
4083
6493
3442
5458
2834
2974
2995
1010
6517
6793
4157
3166
5772
6894
1818
5989
5576
4835
968
1126
214
3657
1511
4205
5769
5432
4072
3926
84
5750
1816
2522
4204
4980
4315
6131
4871
1286
6160
4020
996
2219
320
10
5893
6669
3184
3770
4709
238
4620
1553
474
5739
256
5369
4822
3431
3598
6906
6778
6707
1795
1643
2426
5046
1409
3891
2965
4149
2798
685
6007
5208
1392
4080
3018
530
5145
5524
4918
2647
464
4281
4950
5632
5200
137
3703
1743
5689
689
1749
1137
3762
3800
3687
2462
6658
5174
6294
3192
2855
6829
5080
4068
2728
4856
3483
3190
85
1516
2741
2056
642
3381
5669
88
4005
2092
6403
4032
2414
1467
2293
1672
1361
565
2956
5719
2143
6694
5519
5278
4017
2567
1246
4376
3689
3078
2440
5310
1463
1200
1623
3380
5572
4282
6179
4067
386
3494
1740
4347
5120
6499
3766
5494
2097
2552
6412
379
1199
4426
76
4936
5699
2745
3666
4960
233
4346
6291
3170
6158
6044
6654
1510
4962
3945
6621
604
2967
6695
2551
2725
2314
5971
3888
5026
3798
6103
2336
3847
4537
5471
1918
5701
6261
1371
6367
246
454
4006
3376
498
5809
5724
3810
3238
576
1358
3203
1320
3368
1556
5934
201
3316
181
6984
5465
6700
2292
681
5508
5686
6524
435
549
1247
1609
152
6901
6171
6963
5267
6862
4223
18
776
1572
4011
5271
3113
643
2990
366
5985
5573
4057
260
4222
1169
4126
115
5402
5442
1268
1621
4713
4616
988
3425
3495
4065
2691
4022
1705
1435
6752
6093
1568
3136
4528
2141
2963
6926
3649
3913
705
5340
4358
4589
2709
5892
6504
2729
3338
4901
2130
4422
2246
2103
2505
3558
303
5180
3320
4015
252
3933
4196
487
2304
4244
4758
934
5255
2335
4214
4904
1053
1393
3560
363
1334
5453
4265
735
2494
431
6316
605
6155
118
4829
6280
5715
3944
2758
6302
69
871
4239
1949
4738
6909
5500
6920
5306
1009
849
2814
5158
4289
222
1812
5286
2450
4397
4301
865
1224
4428
2107
4924
2189
6469
6078
3588
5762
5018
153
2220
5105
5693
5641
279
5984
3458
4045
794
4457
1216
4543
1399
408
2155
2870
1551
3604
1071
6787
1359
5323
4319
1903
3235
2222
6270
599
3879
5673
385
3269
2480
2251
4010
594
4146
1197
3556
5767
1262
5688
6461
1999
5535
5151
3686
4052
4195
504
1870
6401
5000
1370
2651
507
6821
3249
3003
2302
6846
6041
6638
4491
1597
484
3768
2299
3219
2193
3073
3472
5290
2483
4121
953
6575
132
3029
3642
3955
5393
4945
4897
2186
206
656
2324
411
3993
3012
2403
199
1421
6608
6425
4102
1772
2668
5510
5988
6301
2226
920
2561
3831
5095
981
1732
5761
6942
5257
3470
5092
3659
1148
3201
6515
1799
4888
1942
3095
1415
3134
1065
987
737
703
2759
609
2374
4691
4866
2887
324
473
6559
6247
3257
3606
5581
5616
2899
3356
3469
3505
6071
648
1802
5399
5515
1222
828
5674
2687
5697
1789
6213
4263
1773
4
4309
2837
2100
2025
3978
5425
726
4291
3617
3684
2129
3180
1160
1256
606
3747
5482
5538
4984
6174
962
4215
872
2622
4607
5526
5917
6568
210
2181
3490
5810
2775
1850
6706
4891
4486
5486
5170
4166
839
5146
2611
1306
478
6139
5043
3130
665
1537
2172
600
2642
6548
3621
1266
5325
4735
442
5855
717
6681
27
3856
2784
904
3114
3697
1986
1625
1240
4103
4100
692
1879
4153
6214
2833
4867
5578
5087
4435
6710
4833
1638
2080
4481
4504
2986
4074
6227
614
4728
4818
3714
790
6384
873
2587
5229
3701
2444
739
2632
690
6173
2859
6355
5071
6867
1532
445
3940
829
1715
2081
5320
3025
2638
5916
1398
6441
2383
2163
2768
1205
877
1301
113
3187
6248
4251
3286
3669
3523
532
6620
6474
5109
5365
2084
3647
4136
3481
731
3870
5122
4235
1431
3675
6618
1622
5443
6281
3271
1707
3609
1279
1616
3047
5016
6832
4207
3048
4524
3883
4494
2738
2282
1367
2377
5913
2966
2110
348
3250
6786
5013
3240
2399
6381
1844
2322
4935
4257
5243
1833
1424
4662
2572
4313
110
4793
4820
3824
237
4188
3546
5684
4085
4148
2352
5367
2785
4014
3973
5746
6277
1015
5248
150
1029
5600
3750
5230
77
4938
6429
5090
215
4300
62
4284
6319
3051
4836
3037
1943
2710
4106
4451
929
6020
241
5247
1502
577
3259
5433
777
5583
5280
6143
1676
6204
5222
2979
1493
4930
5787
5054
6536
5831
912
2696
702
1027
4959
3076
5773
6905
3804
2254
5238
38
6562
3771
818
1385
6643
6289
1414
851
5877
4210
3411
3629
825
5335
4701
3457
6579
1584
2903
3340
4351
1008
3001
512
3509
1485
6017
2206
6599
3928
4872
721
4943
5352
2973
5301
5979
2932
24
6555
6766
998
4801
6571
5912
5220
4933
2538
6879
2465
1155
1055
2653
3475
1956
6670
2215
1906
5314
567
1498
3124
4175
4293
213
4568
5808
3540
3231
4384
3097
769
3385
3589
2477
2179
2616
990
2844
4332
5843
6542
6614
5527
3899
4645
3986
5566
2614
4368
4717
550
1864
4578
2265
2883
1586
1122
5377
1026
6765
2889
3850
4515
299
3951
6000
2711
4317
5709
5870
4405
395
4073
3493
6233
4893
3227
6075
2591
5873
1588
5167
1084
1575
3217
5563
2209
4687
6471
2274
3410
2677
1785
3375
869
4920
1723
4276
6532
1206
2752
5390
471
4392
3823
2484
2202
1450
6744
6242
2392
2558
6764
5593
5708
1612
3734
4992
116
5048
2387
6475
2969
2621
3730
2296
1730
6584
3496
6628
3828
608
5946
1465
4112
80
4182
1487
3087
4849
541
3373
999
375
437
3571
2362
2232
5907
4565
4746
4683
2005
918
6617
5880
5044
5954
4744
4596
1636
2398
308
680
6087
479
3885
2415
1727
1769
1619
6140
221
5919
5427
4393
5786
950
908
1085
1541
2762
4266
362
3220
2278
73
5434
37
6877
4477
6208
351
1218
2419
5777
3705
2888
6743
6513
1569
2422
3749
5687
130
979
5904
1902
4152
1017
3755
2068
4824
1931
2228
5676
4567
5395
6857
1202
5561
915
4885
2166
1404
6492
2565
5982
613
2243
4037
1477
2064
2987
3533
6871
5
519
3719
2295
5506
6556
5058
3867
3648
3861
557
2599
5816
5926
3167
3418
2488
2805
4712
3801
1419
1927
6666
3059
4158
3218
47
4163
6985
3181
5951
5725
2749
4438
1090
5824
2453
3020
5910
6476
3597
3587
5381
661
4767
3106
5571
1408
6416
1932
4756
496
1761
5929
4280
2931
2076
2933
1922
2617
2708
4357
1909
3060
2000
5091
4576
5780
4789
3916
4661
967
5503
5752
4035
3607
2308
5270
1454
3056
1384
3898
6923
3652
1439
4012
5082
5140
319
6222
5545
6955
3178
5476
4573
2786
5142
3263
5065
2991
3099
1665
3129
3021
3707
6834
145
4253
4156
1666
4787
3074
5175
5805
5253
1603
1312
353
2926
2867
1706
4580
3282
6435
6523
4500
2619
2608
3098
1729
6951
2405
57
384
481
4949
1756
6512
2527
5502
4307
5865
3723
534
6981
2509
5922
4693
4577
6689
5331
4470
601
4876
6014
4783
1820
5679
3553
4228
1895
160
3049
3984
8
306
1458
5881
5083
5328
1996
2885
5221
3158
3992
4189
588
2812
835
3292
2500
2271
1608
6561
6489
5884
5297
5373
5361
2754
720
60
5100
3655
1462
4079
5675
3566
2272
5885
6216
1274
1310
779
892
6913
1471
2498
1659
2093
5852
6113
5057
6253
2637
5244
2389
5716
1606
1873
4868
390
312
5559
1718
3748
4878
6573
1644
5319
176
4544
102
4618
4571
553
5782
6974
335
5288
142
5594
1111
2882
3377
4298
4921
1877
266
6847
1001
202
3149
315
1217
5483
885
2763
568
4456
633
3559
2947
4554
2297
1235
5304
2906
2032
6973
5085
4292
5019
4144
2320
6520
1188
6996
1104
6466
4908
3112
5623
5978
3038
3764
5061
1628
992
6370
5976
5009
5513
6236
281
2224
2684
1187
3792
3333
2368
6450
1803
3818
1006
2270
1319
850
1154
3042
3958
3534
444
6702
6144
1340
6964
1921
837
3576
803
2375
4591
4547
3781
6848
4819
3191
6792
4021
6168
4518
6795
1106
1030
2366
5298
6257
6642
6338
4295
3961
4946
5861
5903
29
4274
5598
6146
4233
6460
5664
634
4809
2697
6772
1241
2
2248
6875
3278
2187
3738
1396
3034
6212
4401
397
1627
4025
2344
6098
1308
6115
6545
501
2904
3907
1796
4969
4647
1425
6328
2306
697
6129
1760
5386
2266
4236
1283
4007
2062
5698
756
277
3101
4099
2676
2267
2635
48
2737
6969
3370
2720
3027
5134
2249
3485
6567
6807
4373
3403
1372
3066
4790
4018
4825
916
6423
3208
938
4821
5521
1164
3161
6097
1829
2454
6181
3454
3468
1182
4361
1555
3664
2413
2924
267
499
1598
6698
400
780
5696
2533
2503
265
1570
3843
6477
6521
4258
4542
6047
365
5449
946
3277
6406
2975
714
4375
211
3261
5667
1770
1857
6263
6720
323
5900
4004
4611
3026
3742
6364
6266
3216
4557
2327
3976
4696
6813
2119
1383
6598
3939
1307
4772
603
1016
2334
1583
1379
1819
3602
3860
1754
6558
2188
190
2905
1993
3488
6472
5117
4805
4516
659
6828
2031
3046
5375
1578
314
2804
2716
424
963
3504
5183
2016
6796
3630
1767
1669
2722
2479
4212
3773
3185
2342
2459
6978
6657
3153
6123
6812
809
1253
5045
2431
6019
1874
5931
1967
2394
5233
2764
4976
3506
674
927
2379
4659
924
67
1800
6925
3456
5770
5289
3625
5609
1645
3547
1841
6079
3183
4194
5429
4398
725
4602
3989
3357
5472
5969
5533
2126
3752
4650
1118
1107
1395
3307
6982
1618
78
81
905
6351
4641
4110
3089
4534
6644
1941
6161
5334
539
5766
6108
6122
5829
1752
969
6385
1423
4718
6809
5397
5586
6124
5760
6610
208
3417
537
5118
2692
178
4633
2748
778
1817
587
3016
4919
5181
3150
127
2851
1848
2678
5101
6649
3807
2042
514
4722
1019
6126
1492
729
1452
5441
5364
3780
3327
4425
2992
715
417
1117
3105
4209
2628
5408
3612
2024
2345
6835
5041
1357
2171
1484
87
1245
2714
5219
1670
6256
5938
3429
6182
4355
2099
1149
3176
627
3795
1413
5748
1314
6404
3196
5154
5223
2230
762
838
5038
5864
2330
5202
3699
259
70
2471
3000
1995
3521
4988
6386
3511
4595
3583
1953
3508
3894
5943
2406
890
6022
3341
3814
941
2115
2955
3164
2849
3369
2801
6830
3228
3123
6264
4639
3516
1297
1610
1543
3168
1152
6180
4389
456
1681
2603
4990
109
6310
5550
6484
5860
4001
3672
3077
289
6238
4362
3391
6348
4478
1544
711
3423
5416
5285
5899
325
1811
5741
253
372
2615
6763
5862
1145
1342
1615
1368
426
5895
6806
5439
6794
3160
5108
2577
2559
3346
2595
562
3812
1626
5580
1765
1011
6757
3864
4963
4240
3140
1311
833
4028
5097
891
183
4268
6090
6379
5940
2645
3202
611
1221
4666
3882
3094
4684
4804
4296
4559
6917
3229
919
1080
1649
6783
5509
4327
2512
2164
1261
4702
4706
1288
3445
388
4038
5073
3177
3808
4305
4379
4408
6285
3527
6481
6395
3127
6286
6391
6150
863
6297
3520
932
1545
1562
1108
3174
1243
307
5567
4774
111
4047
6376
3696
1349
4179
1405
2312
2041
517
3499
4539
3443
1433
4922
3925
3663
1348
2961
6186
6325
4419
2424
5756
3531
5627
1309
2871
5214
2192
2367
21
1581
2959
2467
6102
1703
1093
112
1287
5866
6360
4245
2349
6790
1875
1325
6647
1725
5797
6552
3314
4786
4049
3406
6005
5655
1209
4556
3966
423
5305
2776
1825
1144
1290
993
1784
3637
2641
2802
5670
3579
2290
6244
3159
2060
3695
2502
4502
2409
6641
123
3393
5662
1354
2468
6411
3405
205
4886
3932
398
5114
3512
6064
4091
5007
510
346
3501
3471
6989
1549
4506
1460
6509
2446
4147
1831
416
2536
5295
3975
6365
736
771
5201
2347
4335
2089
2233
4613
5309
5957
6033
6207
1195
2156
2539
117
6054
5925
882
6034
4285
6704
2923
3071
333
3797
4141
2555
2117
4177
4681
128
691
4094
5514
1824
4965
4844
5231
2252
1113
3756
5575
3710
6632
6082
413
5462
6636
641
3593
710
2546
1159
4609
6585
1064
5111
5006
4469
773
5827
3878
6118
2121
3043
4421
5344
4927
945
5588
1318
6434
1338
5553
707
6826
2925
2445
98
1814
5776
6303
1427
6945
4510
3877
5163
529
5346
1546
5828
5848
2369
4952
2643
4453
6910
2473
796
3462
5460
275
1520
5878
2529
4911
368
3154
5658
630
3155
4124
3552
752
1779
270
1897
1868
3682
1066
5539
4155
2507
2211
1244
5008
654
2944
5177
2120
5037
114
3100
1412
563
2845
6762
768
2337
5299
3392
5303
6675
6206
3785
3276
171
2184
1973
6630
1470
1889
4505
321
4075
3952
1254
1860
5637
2128
4753
506
1321
2203
3858
2892
2476
3283
3565
3821
4857
2497
231
2840
6104
5161
5608
4961
2598
3035
781
5599
4024
2919
4160
5384
1173
5351
5807
4151
616
4799
5643
6833
131
6029
4191
5840
1688
5424
6369
2523
2817
2921
638
3284
4101
555
5707
5106
6035
382
2863
3729
4953
6933
4216
4748
2059
3914
4490
2585
4344
186
3044
5435
2562
217
5333
2149
432
1813
3917
1970
5832
483
1476
5132
2765
6895
6990
679
840
543
1486
3716
6661
5113
1823
3232
4739
1043
5555
1067
6283
4372
6673
5835
1514
4129
4174
6135
2952
6330
6932
4761
4815
104
5890
2772
6586
1201
6199
4033
5742
4679
3736
2077
4416
6176
6239
1961
6042
4168
887
1077
419
662
6633
1714
1690
3162
2646
157
3841
3107
354
2853
6496
6852
1675
6240
1939
2662
4964
4622
3433
1962
5123
2094
3782
4957
973
6685
2284
4610
3948
5398
6405
522
4648
1535
4420
3351
288
1094
1411
2122
3407
808
2433
1489
4328
801
6347
5959
5464
5445
4549
6802
3103
2886
3111
5049
1920
798
2288
1317
6121
1713
6188
2370
2410
4721
6153
5172
1004
3680
820
5021
6433
4294
6927
867
1852
4981
788
1097
1036
5924
1172
4944
6543
5894
5060
2150
5385
6486
5410
4731
1081
976
5839
3255
1948
6296
2039
4863
6094
673
3624
1441
3209
1805
455
65
6888
3408
4513
5751
1887
290
1052
89
3279
3402
3382
4803
326
3466
414
1252
805
1958
2726
2135
6366
6396
6119
3148
652
6453
6748
292
5717
3942
4159
5889
2145
5414
1977
2835
3816
4811
389
6380
6290
2996
2818
1508
2466
3543
814
1351
2968
3120
4638
2820
2133
5446
6023
4644
313
125
5419
3384
2827
1709
121
75
5168
3104
1937
4496
1057
1062
5063
6157
6050
6742
4765
189
4593
3811
5263
3119
743
4353
2896
1101
3886
4740
5162
6587
5604
6361
2881
2927
2872
19
4814
1045
6651
5520
5415
5196
6284
2901
4986
3774
1971
3175
5258
5129
5237
4173
959
5103
5337
1797
2002
884
2323
5207
3706
1671
5661
1116
6805
1191
942
1642
1630
974
1233
1684
1905
4482
6092
6462
5203
180
6340
4843
786
4698
6983
6856
2036
6107
1272
4290
3765
561
5845
3389
1451
1607
3248
3421
3644
5149
1822
727
3290
6210
5070
1990
5225
1524
3058
5155
318
5942
6088
5121
162
3616
3901
4842
6715
4199
2894
4766
3486
286
3922
914
6473
4246
4900
2718
2066
5042
3809
4977
5825
6768
660
2260
3359
4503
4906
5245
631
3502
578
3432
1263
2061
1542
1768
1882
6006
6495
1746
4232
4122
5250
2636
244
6627
4249
3678
732
4775
2448
3639
2808
2011
2548
4369
6417
621
6295
1103
1179
5206
4594
3829
6735
4394
5705
5983
5847
461
4429
3934
5459
6652
1567
6458
896
3256
6811
4958
2054
4830
1142
5826
5639
4778
197
5830
5991
3002
1389
16
1527
2283
4078
4586
1264
6580
1281
5759
4187
1377
6881
5359
590
1884
2543
1640
2868
5376
2626
1260
5871
5949
6072
682
4455
2747
2438
4125
6083
5003
4526
6712
5173
2515
2810
387
2774
6956
2123
2625
1595
2897
4374
2568
5800
1507
3873
5801
2289
42
3131
4262
5124
5610
5370
3092
1275
2809
1558
391
4737
6373
2461
1232
2241
3272
1664
1324
1846
5356
1426
6611
124
5235
4674
108
5274
3072
3832
5326
268
1885
5990
232
1960
2010
3813
6799
3789
4436
1855
1687
6415
5936
2761
5672
3317
1239
3830
6980
248
6919
2824
6138
6570
1002
2866
1445
6331
480
5579
6549
1012
5700
952
476
4569
3668
1434
6528
262
5144
5975
4742
5264
6803
2566
900
2026
4570
5024
5501
6463
1904
6897
5379
1158
6074
4019
6255
5396
4377
3646
2513
2688
1032
4178
1602
349
3147
4733
3910
4536
2830
3835
5102
6125
6639
2554
3030
4954
6234
551
6275
4466
1259
6037
4031
6300
6120
3013
2771
1976
1992
2311
4444
1494
1639
3791
2157
888
874
4923
1189
723
1178
5534
812
6333
6162
2134
4066
1343
5226
40
245
5317
6718
807
716
1987
3573
2034
6507
3353
1564
5246
917
2727
3840
2813
5096
4260
6937
2486
5681
878
1900
3422
4628
44
2594
4624
925
6448
511
4983
5611
1788
1845
1776
6531
359
3740
6307
5378
3463
3491
4433
4221
2082
4816
5147
3084
5577
4331
3981
6564
226
1680
995
1258
525
6451
4507
428
6341
2541
6759
2208
36
5358
3143
2008
4203
6318
6101
5872
964
2618
6693
4441
4345
3851
3627
2325
1049
3028
6252
6045
2382
310
1110
602
977
5710
2918
1353
5518
782
4013
5590
3876
4831
819
2178
760
5650
2348
1303
6596
6354
2492
3360
6724
1982
4663
6615
3010
5030
5960
184
5191
2116
6015
6438
2268
5682
2069
2309
5034
32
3539
6740
2936
3866
6940
6317
1997
3936
6874
5950
5905
3575
3656
6271
6890
6016
143
5814
2478
5995
5069
868
810
5088
338
5148
3817
585
2563
5596
1613
6299
6030
5217
1326
2520
3014
374
3844
3446
3923
3163
1013
4308
4694
3036
6688
5680
3631
1646
1048
2750
1302
6195
5516
676
3289
5260
2341
4423
6334
6362
3746
5156
2020
4206
6482
329
5119
2880
3805
3788
6250
6117
6036
6697
328
3974
6684
5047
2079
5837
1835
5329
560
6588
2485
6205
3188
3301
6903
2052
6754
1249
1980
4326
886
1130
209
2593
448
4941
1139
4387
5033
3983
4399
2227
1364
583
2194
3803
6269
3294
3053
3615
1881
257
4410
6445
6550
2085
5966
5731
3287
6737
3479
5887
1068
1856
1227
1624
3757
5249
3126
5570
5127
6912
6892
5239
6468
3032
2317
1058
4123
3310
2417
2048
6674
1957
4046
106
5372
4757
5858
2437
937
5491
120
6779
5125
3545
5261
1892
628
5004
1388
165
538
5062
6110
4432
1410
1406
2195
1998
3972
2704
3999
3329
2902
5653
1791
331
4069
2575
1033
751
1020
6696
3141
1631
5763
3394
3713
4340
14
4084
4414
4747
6810
4588
2049
3677
4324
2920
4781
2601
6192
1847
182
219
2447
4574
6010
4464
2962
2524
4529
1047
2273
2590
4581
1712
296
6557
6276
340
5841
39
3947
6282
1401
2038
4270
6116
4200
2873
1478
5418
468
4161
6323
5484
441
1801
4360
1063
944
1950
5209
3017
3555
2313
6136
1125
2411
5428
6665
2275
3503
5392
1951
3138
2733
5452
3296
6780
101
4271
3312
364
5438
966
6051
133
3963
1912
5188
2255
626
6916
5322
3568
5353
2390
1296
3344
895
2671
3982
2811
5089
2253
6986
6817
3732
311
1024
4380
6859
4770
3549
3971
6648
4227
1277
6539
2778
6896
6655
5811
1936
6196
3197
5560
785
1469
2850
5294
4352
6776
2556
2153
3435
2517
2701
3109
1076
2693
5875
4823
3751
3586
3247
6356
2457
6770
6148
4697
767
1861
1237
63
4850
3964
4415
6228
1407
4834
1945
23
6149
5554
4493
5823
6209
459
336
342
5240
531
1533
1736
4664
5138
6747
488
5803
5952
5945
5283
5363
2970
699
401
463
6095
3599
1600
5764
3489
5614
5139
6154
6977
2482
4902
4558
5066
1418
4487
4715
1592
2854
4509
3484
5796
5558
3977
3995
4059
6274
5440
1440
4508
4629
5455
2631
1560
2907
3246
458
5204
5400
6049
6061
6898
5343
3704
1821
2442
2247
695
3212
3300
548
4755
859
4999
6383
899
1183
1988
3871
56
3011
4540
2783
3679
2481
5876
3957
3
1115
1594
5859
1313
5630
4649
6843
3045
443
2331
509
754
3524
5551
4314
4115
3790
6576
3477
4192
3015
3204
3350
212
6298
2201
3634
6446
43
1637
2162
4827
402
4184
225
1946
6650
2357
733
1501
2663
6514
3233
1661
2338
1515
4162
3980
5332
5197
1694
3335
2124
1701
1335
2948
1141
164
5972
3842
971
6447
3024
6480
1601
6085
3837
4048
4604
4631
2225
3142
4615
3778
4656
5345
2371
2043
1839
6676
607
5077
6758
4219
2858
4812
6021
5160
100
5413
2131
422
2661
1728
469
4632
5556
5136
4036
1968
3532
3946
1146
3542
4427
6267
2669
6483
1689
357
6024
6771
2976
103
4970
3712
1344
4447
949
1457
1757
5745
1474
598
22
2592
2132
6922
4252
1162
667
4279
6008
1726
28
5901
6891
149
2744
4404
4450
6202
4061
4903
1397
6437
6690
6659
295
6459
5493
5941
3135
3424
1504
5064
6443
4488
2960
6106
2596
3636
957
5133
1557
4877
4956
5035
5488
2781
1915
2356
571
3055
2429
5790
4864
1518
6623
1566
2685
1184
2911
3305
4654
45
6491
5820
1792
