1131
1257
469
301
1383
1071
128
536
1225
1758
1813
1524
272
135
793
1247
1251
1713
701
1585
1369
411
209
630
1618
119
2000
1930
1218
948
965
1477
193
1898
124
477
1258
42
1588
1417
1192
892
1407
243
1356
186
1039
784
670
39
596
347
1683
166
246
181
1302
1067
79
248
342
1774
1486
13
1635
1824
647
600
957
1505
1443
1123
1442
150
950
1341
139
105
32
1136
418
1660
1087
1479
153
270
425
702
983
1144
1583
777
1665
236
1282
873
1268
937
1754
320
1191
1626
131
1900
1118
799
551
391
240
917
549
871
847
1354
555
33
1223
470
1729
1905
947
483
648
1697
893
1209
1438
517
588
413
1109
457
82
773
741
1795
1744
1927
50
502
952
1992
975
1174
1002
1403
1112
1633
52
1859
337
1029
1575
1534
1299
106
1531
1245
605
779
137
1574
1458
11
1547
1026
1281
179
1286
167
1753
134
1767
146
1440
1796
402
775
260
1570
343
1708
1778
268
122
1548
750
326
988
1454
1368
568
68
747
1613
1149
1582
1060
1657
1062
1254
159
1821
1724
1108
759
1788
1603
1685
1197
644
1676
184
1489
1642
333
1516
1776
1646
25
1552
422
1822
1562
913
690
1498
478
1421
1627
1881
882
21
55
1726
1216
276
1400
1435
1682
1933
1122
607
878
1596
1380
845
495
1064
774
933
110
792
540
635
459
75
743
798
1266
1027
1787
3
1572
1016
76
1081
881
1746
920
1446
875
908
1920
1300
1949
202
278
1182
910
667
232
1073
1645
242
1610
1075
1471
1430
316
58
1828
999
1514
1808
1959
1866
1914
805
931
1674
1185
1147
334
1170
1794
622
813
715
1392
941
509
912
1786
231
1738
1716
1809
69
1366
1459
1962
1784
658
214
830
1565
1020
1937
1770
1844
1869
955
580
160
1128
1511
1715
938
1644
486
951
1779
1157
396
1656
1274
1444
1792
1353
694
108
1838
480
228
336
93
821
929
1013
447
1404
371
1529
170
78
34
692
1706
92
828
271
22
1772
807
1014
273
1386
64
558
1620
1255
1090
84
1030
395
1388
298
885
434
1732
1829
1419
1755
1671
643
585
1324
1301
118
1221
1935
51
28
1263
1287
1150
693
1210
350
535
889
121
1793
1996
1396
1279
1955
725
613
1875
497
804
1512
972
94
734
1897
815
476
567
1714
408
1365
1757
1739
1701
1899
820
99
849
1224
279
1086
1931
312
512
1091
287
851
1405
531
1294
1208
935
1826
1293
1107
797
161
458
296
1116
435
439
879
783
1811
149
479
1284
329
891
1586
485
539
1690
616
1325
707
245
709
1409
1321
1085
814
771
1303
212
17
394
1612
1124
1370
1550
1725
1484
1667
1057
1319
132
802
1232
1162
928
1482
1503
532
1522
1290
703
1467
1817
936
1750
45
675
1871
1414
41
1378
978
742
584
16
1074
1834
244
40
1752
1872
1494
169
1845
1617
661
1601
431
1538
760
1764
163
230
494
514
1761
823
217
1704
392
1063
204
400
23
998
1033
744
436
1501
1594
1700
1607
365
642
1202
415
874
258
369
722
1999
678
1415
824
1310
1924
1984
1289
1069
1235
322
219
582
1304
726
1923
225
932
1330
1803
100
1010
183
890
641
1557
636
1702
1658
772
1756
56
581
838
465
172
1679
1693
1097
755
984
283
317
1096
1609
373
98
1120
872
1196
1951
1947
1043
524
919
1766
1220
1015
850
1094
639
127
1447
1239
1952
323
1346
1606
1061
491
389
303
370
195
1472
331
471
1187
1843
91
1308
1065
906
1695
1595
1870
1864
31
1233
1526
592
1037
1176
1181
1049
761
1863
646
269
115
571
841
174
1688
869
1846
381
1449
534
54
1880
1798
1332
259
145
1277
1561
1183
533
1025
564
700
1047
864
1521
81
1059
697
982
1426
430
1743
1411
286
614
1851
1099
579
1264
213
608
529
559
781
1840
1089
695
1604
488
1456
1597
1276
1539
735
791
384
1651
914
593
992
1650
1461
946
1749
38
602
808
589
229
1156
1520
1694
379
1624
492
1506
825
1600
449
1643
1195
417
1833
1466
1363
1055
708
1781
368
1199
1780
721
407
562
321
961
1553
190
1867
663
942
861
699
1554
1977
877
261
1481
1371
1762
133
234
5
1270
315
572
691
1066
1159
1204
1104
1453
1500
20
731
900
309
1399
138
956
15
1342
382
438
1261
475
526
705
61
1475
1848
1344
1677
883
87
1687
48
718
1082
557
410
1357
282
597
688
1226
897
615
205
1975
194
1323
1314
1721
1359
1662
388
463
959
968
1686
1098
1349
473
809
1689
152
171
1551
521
1238
1678
1906
612
1563
1173
1186
901
1892
1000
1938
754
1165
1629
1178
752
437
1773
1751
566
1077
649
519
1161
1901
290
1035
1993
1836
114
387
1127
573
1468
398
176
453
1727
541
175
43
1151
29
1556
144
719
1535
758
1636
1439
36
288
189
253
922
1628
1397
1291
30
926
1322
888
1961
444
285
609
1372
736
1246
1854
623
224
1168
1800
1791
67
356
374
843
292
1188
1265
375
1966
1728
1070
1968
656
1542
918
1825
1234
250
685
1879
249
89
860
817
311
1295
1347
1305
1681
348
446
520
1406
1581
570
1152
939
1810
1707
666
1445
1564
594
966
1818
1579
853
1946
498
1318
1355
852
1296
1936
1904
1422
733
1625
1032
528
349
266
420
1885
657
1132
1986
944
927
1614
340
1939
576
706
943
816
974
907
829
24
1589
527
780
1464
653
1998
525
737
252
1163
1599
788
199
729
238
427
464
1543
1663
83
953
1719
221
855
749
1328
1431
1802
1126
1888
677
684
454
1420
1878
1741
674
1509
601
547
1540
1490
516
995
1385
1175
405
916
1525
432
1491
717
1476
1021
428
632
1345
318
1850
794
1814
1056
178
1532
441
1214
198
523
1348
1146
994
1976
481
1333
753
1903
522
12
47
1248
344
4
1203
801
1680
1578
197
940
1842
1402
996
1590
766
62
27
1051
1806
848
220
1142
73
1661
679
1902
1327
1958
1711
164
1231
112
499
1215
1519
1106
1283
257
1201
376
1965
97
1801
1799
96
1928
617
1326
319
291
281
222
730
1536
724
215
578
1115
284
377
120
74
619
537
1893
1331
1160
1492
1909
1171
1886
1988
6
1979
1942
442
1849
1709
456
1602
1236
235
1019
923
1093
640
393
997
1991
210
958
500
789
626
1768
462
903
1054
837
1580
1807
518
1190
218
455
156
511
206
1558
1733
1736
1672
451
1338
1684
631
1393
192
1790
1373
1837
1189
162
177
1408
598
1805
1465
1474
530
1437
1611
1418
1832
1381
355
308
1637
1835
1765
1137
1782
1573
1315
227
1452
1367
1058
117
665
767
341
732
651
1079
1862
1967
165
1379
452
1401
1256
1889
689
1228
1819
764
1053
203
1990
859
710
723
1288
63
1009
60
1740
1285
1298
1974
1217
1269
251
800
1429
267
915
1922
378
1664
645
1894
200
782
1158
1272
513
1101
1827
1083
187
1517
1260
1515
299
1024
680
1130
1313
1632
274
1576
1882
854
716
1566
1567
1861
930
385
1351
1134
46
967
1450
668
866
628
980
1945
141
1528
1994
1046
1577
629
899
313
1493
1730
397
44
1335
216
681
1896
1504
1092
173
1361
745
696
1243
1731
1222
107
412
1960
1775
211
1619
887
1329
1950
748
1262
751
1963
1011
474
806
1891
426
1890
353
1546
1138
538
1207
1634
896
1654
239
712
778
1463
1691
1623
976
1008
508
501
493
924
1703
1983
1460
1510
1616
424
595
672
762
126
827
654
208
676
757
346
1271
1735
683
1593
1457
1375
129
1857
504
26
546
421
1148
1280
201
1541
1969
768
909
1140
969
1815
1507
1622
1184
776
553
1747
264
818
1352
482
979
587
1119
604
1398
1926
1012
1360
1334
621
262
1169
1193
443
1273
1699
840
556
1698
1763
1045
1145
125
1179
739
1040
10
618
1710
704
123
1155
1339
1910
101
1110
1742
819
380
1692
1530
569
1745
507
1908
846
1390
898
1884
862
963
352
1537
831
1830
1084
1018
1309
894
255
440
1860
1913
1659
1350
366
450
1041
812
625
1598
1797
148
746
372
363
1868
472
1760
1237
155
306
1249
111
790
151
832
880
1292
295
364
399
406
1621
1113
545
1212
713
1052
1241
1785
1982
560
638
37
884
102
1105
1428
1652
1434
738
263
338
1839
1496
550
624
196
671
1944
575
583
1560
905
1004
765
1816
810
254
856
1377
1668
1508
1095
1469
506
698
1229
1252
1820
1980
328
386
1523
429
1997
1712
57
1737
1545
1425
1211
842
1748
18
921
1022
673
954
902
360
1533
116
563
1877
1630
103
1995
611
1227
835
142
1559
990
858
904
289
1605
1916
1031
756
981
1129
1006
358
487
1771
1088
1427
1343
1921
1895
247
1804
1953
687
1102
1
1970
1812
1823
1987
1311
503
822
1934
1133
332
1973
1320
1513
86
1164
1666
460
383
1206
1103
1769
1078
606
1433
1250
90
993
637
1943
1641
1278
1549
711
113
1194
1568
182
836
839
1615
1007
1954
390
136
14
1887
130
652
1734
293
574
65
867
603
610
886
448
302
354
977
1720
9
305
339
1297
53
140
1044
1135
307
714
489
1362
1856
1653
1640
1639
686
1989
911
226
1759
1883
1789
1358
325
324
548
1111
1940
1855
147
1154
1267
1230
660
1480
88
655
1608
833
987
554
104
1143
945
552
1670
70
1917
1488
484
1219
157
1028
1705
1518
1166
1696
191
154
1100
1139
1076
785
357
1376
1718
496
1455
590
300
1912
650
577
168
1487
728
1374
1038
1527
1925
1981
1036
1451
1172
844
1847
1638
1544
1080
542
419
351
1200
327
895
72
662
1499
971
1649
1723
949
1003
314
1259
414
1972
1584
8
803
1858
1153
796
461
280
7
19
158
1655
362
1717
1436
1673
960
188
297
1242
1722
1167
727
1317
633
367
1631
1432
868
795
1387
1340
1141
1555
1483
1978
834
627
505
1306
826
1205
1853
445
233
1648
1005
1048
1337
1253
1956
1647
59
720
1275
770
962
207
1312
1964
1470
1180
964
986
934
1592
865
985
876
1068
1907
863
275
1424
1410
1932
1777
1114
1478
1485
1876
335
1001
256
310
66
1919
973
857
1412
1244
787
1587
409
1023
1423
1915
1783
1502
416
401
1125
1675
1841
870
143
1874
769
586
659
1416
1462
669
1569
1307
634
85
49
361
599
1121
1948
1971
35
1177
237
811
620
1034
1364
1591
1384
1240
304
565
989
1495
345
1336
763
403
991
223
1985
925
404
1831
1852
294
423
664
265
1448
1497
1042
1395
71
1072
180
1413
277
80
1911
1213
591
433
543
468
1571
510
330
561
544
1929
1017
1441
740
970
682
1117
1941
1669
185
1382
1394
241
490
1316
1918
1957
1391
466
2
1198
515
1389
109
1473
95
1865
1873
359
467
77
786
1050
