6415
4726
5563
2242
1075
2113
3013
1771
4198
5800
1335
3615
2983
3654
4912
7754
5704
1704
901
5786
6019
7692
4464
1761
4301
2064
1154
4948
315
7419
1265
4360
1837
1215
3248
4003
7587
2179
2757
6603
2443
1528
4766
7166
5326
1549
5604
5499
681
4047
5536
7505
7089
7030
6539
2257
1939
4790
5912
835
5152
2020
4507
3491
83
1912
6028
3358
2829
5887
5356
2506
3971
675
4091
2459
1926
2801
748
736
5156
7664
6500
2760
164
3837
4678
727
7827
1427
4289
7433
6427
5260
3965
6606
934
347
6908
2420
890
49
1433
6720
2277
1181
2042
1928
5707
864
3171
5942
2294
1109
3785
7306
861
5974
6935
4105
4442
3267
1493
6961
7950
6228
2925
4938
7460
7349
1591
2956
3463
1156
3262
6497
1537
6001
6693
4508
1430
3144
6839
7147
6787
108
3630
6666
2847
451
3028
468
5827
4916
2013
5405
1968
6977
7328
5365
3746
7635
7485
5309
4257
1940
7398
6146
3486
4083
2625
355
7773
4358
2985
5176
6149
1779
6594
5051
7401
4644
2378
1501
6118
7350
6507
2704
4477
5295
7233
6719
6099
7091
1459
3821
7354
7408
7141
5285
2700
1589
6840
2710
1323
4248
6578
3433
6601
6141
6004
4090
2240
7193
1224
4194
741
1085
1849
4111
7971
256
7564
790
1608
7710
438
7741
5079
3632
6145
4068
1752
6034
6621
7399
464
7101
261
3457
4311
2994
5178
3613
3176
5412
3216
3335
706
6043
300
4383
7752
5217
2237
7481
59
666
1681
3664
7153
6541
1785
7563
7477
6329
4502
7775
4315
7925
4494
6077
4619
3239
6615
2922
4902
858
2949
409
5014
4756
3052
5616
4828
6313
7641
2654
7469
4405
5878
2328
1784
456
4306
6756
7174
5590
5382
555
234
7364
4760
1381
5383
7774
4262
2286
3425
3538
5428
4072
1127
1463
4889
2116
1188
5809
5522
4543
1989
4254
3961
2662
1760
6551
4395
1387
6527
7272
6357
2906
7117
1746
1052
2201
5071
4880
3781
5703
1244
459
952
4275
2011
7784
739
5684
1258
7999
1863
6549
5434
2368
2900
7225
4588
6521
2311
1403
2383
2547
6017
2638
400
2762
1250
6412
1845
358
6703
4232
4483
7968
5072
3030
5330
7759
7427
6234
3482
4229
1529
5873
7056
3393
883
411
214
3573
375
4114
7302
4249
6408
966
3938
4692
7134
7050
519
2439
2720
1313
5598
4506
4134
2039
7609
6765
4949
5553
5215
201
6510
6363
5705
5715
1106
7679
7079
5824
5851
2347
6487
643
7975
1336
4996
7625
4491
7818
1857
250
7162
5866
7467
2713
4769
1600
7359
7511
6371
3804
1855
52
3784
4999
7926
587
1389
6330
5758
7100
7872
6015
3237
5407
3187
3812
1954
3683
6680
7242
3291
6108
3150
6086
2230
3806
687
68
1907
2550
4183
4612
6440
1178
274
820
7888
4279
6496
6138
3621
473
4620
940
2545
3334
4503
1121
6641
5496
3572
2069
2919
2566
2744
128
1689
6088
3636
4662
2062
5517
2709
6398
7267
3512
6939
3498
6825
5670
3234
6695
2890
7876
7144
7247
1675
3963
2192
6997
4287
5947
242
142
223
2066
2571
1174
169
7063
5031
6061
2683
3109
5202
7843
3287
2998
4930
7559
7356
2742
19
7268
5558
6009
2411
3706
5371
1111
4725
470
4342
5441
603
780
6359
7695
6424
7348
398
591
7103
6796
2484
4501
3769
6183
5337
5631
3685
7743
4791
5949
6595
5034
840
5303
5238
6926
5739
592
3487
3210
7385
6731
5144
6761
7864
7533
1765
1079
5845
7164
6066
2606
4100
5373
5314
5345
2314
7199
7608
4177
5702
5931
1611
1168
251
1612
2460
2889
3612
742
1522
3136
2800
5388
371
5968
1214
3553
434
1590
3736
3182
1113
3733
2164
5774
4181
5174
5210
2981
5256
4878
2633
6699
5304
6311
1998
4396
2403
6058
5515
594
5209
7777
3558
4638
1585
1034
1066
3119
346
3772
92
203
189
6186
1951
5959
3930
1467
7544
7238
7800
5600
2816
4329
4128
1506
6494
4000
4309
7601
5821
1887
1129
6184
1202
6745
6196
1353
7730
1944
7809
4855
1604
4164
5904
6725
2184
314
3345
249
5792
287
1980
7169
4150
7263
6974
3854
3626
3911
423
2305
1413
5406
3826
197
871
3827
499
2025
760
4558
2490
6994
1877
1886
2035
5216
3954
3745
7377
5109
2173
3103
3395
2798
3522
2962
1128
6604
6322
6010
3567
6050
535
3483
5966
6532
4885
1428
2666
1469
4966
6810
1869
5340
4540
3673
7595
991
6373
6884
2570
5597
2834
7705
6413
3353
7880
2332
7728
827
6800
4812
3889
5689
12
1518
1576
2048
3093
2496
2728
495
3384
5923
6593
5883
626
4458
3223
7413
2804
963
1723
2680
4492
4013
4026
3773
362
2444
2264
6401
3161
6747
1809
6948
6867
484
7622
264
2622
353
753
7331
2483
4672
3952
3447
3849
5126
4106
7953
6886
3195
1904
6864
3845
7767
2326
646
5020
7261
6268
6081
3145
3208
7947
1411
1022
3389
2766
4298
4986
566
6119
630
6464
1340
6879
7326
6206
1882
4231
3782
6446
5730
7437
2632
5964
7747
1873
7148
7919
1000
562
5193
6958
2826
1274
987
3342
5502
5427
1897
394
2810
5008
5342
2196
2498
4814
6082
6505
5508
7932
2256
4355
6342
1851
1911
298
2911
3710
3681
3765
4372
6382
3794
7276
5024
3913
4488
933
2753
3995
4037
6818
6850
6632
2271
2614
6657
3610
1163
2690
462
1350
4576
2734
6900
4484
3749
6972
1497
620
3069
3449
7903
7870
342
1366
7240
3652
3097
6241
4967
4020
2180
5958
150
788
7780
1651
2951
7594
241
1191
3909
6649
2369
5439
3528
5099
4762
332
4048
1705
3816
4401
3263
7586
5336
5103
6838
5120
6300
2249
156
837
1898
3883
4906
6287
6399
1292
7440
4800
4803
5181
4448
5665
7558
5381
906
266
2423
6630
7036
1624
85
3704
3957
192
6112
3739
3265
4201
3383
7479
5341
1713
2650
3178
7551
6131
277
487
3255
6158
1264
7450
3882
7196
4318
3544
3723
5270
3024
174
694
5090
7303
4663
2611
2854
5504
3734
348
3316
6224
3756
4302
1314
35
5760
6479
2746
813
3417
7651
5223
219
2296
2082
7258
4239
5738
3991
7636
4589
2557
1655
7682
4893
4636
3897
3037
1963
4435
832
7779
2533
6367
5614
5385
7834
2367
4174
6936
6284
4297
7078
7042
1835
4998
1482
5726
3980
2548
1005
7566
6523
4611
7845
752
5736
7836
5225
6291
1842
1788
2551
3874
1220
2209
953
2839
3114
7293
407
625
1099
299
7266
4572
7333
2489
4179
309
6550
1057
339
6949
716
491
4498
2961
4078
2156
892
4500
2285
7577
5351
2785
4518
5180
4745
6294
1341
3647
6175
5894
7415
5000
97
6216
7585
6011
1331
2427
5283
1957
3603
3960
7839
6589
6192
1618
3748
7902
5724
4887
3132
2234
738
2245
2275
944
3554
5376
2540
2126
7281
2877
1195
4963
7868
3222
1049
607
1306
4843
4307
2929
746
6682
2310
5664
3387
3591
6713
2159
2973
3076
5516
3382
2773
2231
6270
6122
1136
6979
3989
867
1047
6167
3014
1170
3461
2882
696
6506
258
7177
7171
3442
6369
6432
336
7449
977
6918
4637
6576
117
2429
2293
4628
7167
7772
710
4590
7472
3236
1053
4182
2769
6858
826
3687
7321
3624
7212
7016
433
6727
6619
709
4323
531
2657
32
4561
7160
5164
7698
290
5082
6232
6835
4815
2430
5490
3682
1055
8000
136
4898
1870
5988
7591
6385
6547
5925
2903
2468
5849
3373
658
5055
1790
4374
7534
5775
7265
7583
5666
2515
1172
1615
3232
4587
7632
5311
5594
2340
2028
5922
5085
5479
3100
676
4807
1105
115
7090
385
5765
295
7979
4801
5366
697
4103
4631
7184
2224
2135
54
927
4915
3054
4649
3084
3943
2644
7645
5421
5399
4038
369
1568
3309
103
1937
1777
1623
7347
380
7095
7494
2664
1161
3060
4974
3990
7810
4824
1262
1495
195
7816
5867
6614
3583
2093
204
1736
3110
2692
1405
1948
5327
2518
5829
7561
4965
3565
7382
4573
4205
6349
2056
4770
2781
1261
6187
786
278
6477
6982
6140
2678
7370
6735
5392
4384
5243
2317
6211
1871
439
1122
7113
5559
6067
7748
7076
485
815
3767
4740
4446
2815
1478
432
1131
4944
3580
5222
4029
3809
2270
5837
2162
5457
6717
930
1026
3869
5623
5212
4953
6805
3492
7000
4984
6465
4753
1799
6959
571
1831
6696
1794
7707
4008
329
165
7952
6051
6341
1348
4874
2112
4899
4917
6453
1690
6365
5638
7059
3020
383
3
3392
2568
6434
431
3398
2954
5626
1981
2584
3303
62
4931
7222
4272
2941
5237
1776
4018
71
2404
7285
4956
7992
1510
6202
4596
2652
5932
4162
2165
2957
7043
6689
2732
2885
1516
6101
3006
5257
5230
6297
560
5113
765
6306
4924
5640
5352
2185
7300
2384
2850
7525
6364
6460
961
692
5767
4416
3775
2670
1483
338
4060
6035
2647
994
1838
5624
6565
1158
5874
3743
3402
5052
7522
6749
7797
3666
7521
393
5125
4808
4504
6073
7457
5232
1620
5279
3669
3403
7146
1038
5935
7486
2722
2077
279
1602
5969
7908
3861
5951
2203
6591
3951
7209
6524
1864
3456
4666
2756
2149
7702
187
3802
482
6343
2739
405
4282
4939
1966
1268
2618
4905
7674
3374
4773
3535
1670
3165
5814
6389
5581
3984
7894
7290
4377
3385
4408
419
5903
4858
7
7736
3180
5570
7456
1243
6013
4160
6596
536
2585
5525
7245
4616
5333
1550
2470
2142
1267
689
5602
2806
2879
4095
3914
7114
218
5411
284
935
2191
3490
5106
3754
2863
7668
5676
926
5049
2612
4566
7633
2726
2175
6746
5081
7734
964
6029
3968
2780
2663
903
6283
7159
4567
4515
1993
4130
4972
2895
184
42
6315
351
2406
6816
7987
4804
4163
5191
5041
6128
2054
1369
7123
2290
5358
7855
7967
3694
5131
2352
627
7733
1780
3281
6889
7913
4423
7924
2532
5629
2674
7906
3096
5879
922
4533
3404
4124
2034
2125
2731
878
1108
7923
6890
5893
5970
100
3401
4602
1475
6110
5527
7930
5870
6543
7011
702
3197
2597
4259
779
873
4012
6326
1362
6238
691
5170
4869
1383
5495
1755
6989
5692
1505
6272
412
5661
750
1012
5135
673
313
5572
5782
4221
4158
6963
6753
2947
6026
5104
1134
5566
7891
2448
5929
4286
3499
7669
823
5548
4841
3819
3832
5078
684
4432
4267
4025
3902
1867
1894
6636
5157
5074
773
6733
5124
1432
3557
3183
774
5520
7739
7143
1097
7197
5274
472
796
3635
2083
5068
6069
2217
3898
7137
4354
2811
7969
3138
4555
3885
7360
3958
5735
1729
941
4592
3708
3577
3135
4425
7501
291
7831
1610
648
6144
3661
2849
4629
6878
3326
3196
1155
4623
2573
1900
253
6143
2202
1221
7198
4411
3614
6545
1880
4404
6529
6902
2304
29
6995
3700
6277
2759
446
4714
3496
4792
3566
6060
3795
6685
3915
3206
441
5091
1972
7383
77
1660
7304
2348
1242
4970
2492
7653
2820
3901
157
5799
1664
2350
4937
2727
2063
2070
5710
2446
1783
95
3933
5397
602
6646
21
2930
1567
4544
7490
7070
2124
4697
1059
72
856
2187
4525
7275
2023
2472
3481
5813
5043
15
533
2729
2963
1672
6421
334
4168
4640
1003
4381
2213
2737
7862
1816
4373
1982
1906
427
6012
3747
5271
2218
490
2457
5743
2044
5533
6489
3768
3377
3454
7567
6535
3589
6768
6830
10
4336
5924
2995
3285
328
45
1499
2353
1454
4
4069
3814
1916
4436
1688
5750
3243
804
320
3158
4754
2476
2755
6104
2730
6941
6442
2065
3516
3742
1782
1465
3850
1829
6739
7459
4034
6286
2679
1200
1407
6493
7940
5011
4041
1967
1152
969
5500
7337
1991
5587
5588
5083
2295
1150
6573
1142
5306
4014
3521
5069
1985
3238
4161
1071
4421
6226
876
615
6546
4693
7426
2927
6022
3578
4908
6290
1424
1594
6876
109
3506
7297
1356
213
7438
2467
4550
4294
830
7015
4641
5713
7670
2527
159
2990
1062
857
3720
6125
503
7798
3151
3480
4595
6193
3021
6627
712
7270
7414
2586
3891
4789
7441
985
6676
7824
5892
1133
1541
6478
5717
7882
4813
5686
4209
5188
4187
3418
5185
3469
2172
5498
4155
3820
428
5627
6336
3068
1189
2
2288
1368
129
2438
5140
134
6648
3314
7420
951
6046
4478
1858
4288
2942
6392
1691
2336
132
7161
905
2015
6459
568
7071
4050
4710
4028
7340
3741
1563
7224
9
7889
2600
5364
7365
4772
4023
7704
5395
6797
2434
1396
5029
7077
7085
316
3455
6229
4227
583
5234
5197
3199
6814
5471
5530
610
654
7555
5863
1772
7393
851
7904
448
2220
1043
6572
4909
1074
2171
3000
3009
4062
5823
6988
1795
3095
6207
4609
7866
2041
6312
3293
7003
2797
3376
3686
3844
2623
4081
6106
4847
4634
2045
3324
3004
2971
5771
718
7619
7539
2559
4479
1578
3798
2846
1747
4057
5166
5560
1325
5539
2687
5709
2381
3628
633
2750
7683
2972
2016
6663
7316
4429
1613
4430
3338
3025
7697
3065
4193
7826
3319
2628
3701
6302
496
1961
4701
997
4871
4485
6638
7493
5221
293
5838
1330
4522
6337
212
381
976
2154
4570
4712
6806
5338
1927
2313
2190
3843
4681
6171
364
1696
919
5613
6452
3600
3270
6155
2790
7352
7355
7381
2528
2978
2026
3094
5468
4058
6877
3450
1974
6321
7241
333
1373
1751
2996
945
53
1663
3091
2977
1288
7655
2029
7404
2617
1095
5985
6701
1435
1596
6942
5592
5038
205
1374
2106
1358
844
4349
7097
7738
1953
4505
3945
5831
5745
2667
5151
5914
2950
1013
5393
6976
2920
39
3537
6569
4092
7897
6136
3306
2281
7007
4347
2251
7884
651
4224
4167
563
1363
2914
1778
2519
2735
5693
6763
3473
960
6252
3500
6127
5073
1272
3560
4960
1162
2247
5118
3364
2103
714
246
7301
5487
5112
4687
3919
5727
7928
28
5242
6613
3899
4703
3618
2593
7136
4936
1659
7768
4269
435
7397
7498
3290
6642
4445
2121
3148
6677
2046
4365
5046
455
1819
1774
623
1811
5476
2788
6598
3884
3944
2394
3979
3329
5555
5483
4271
75
4006
4066
6842
5997
3115
4581
7762
4981
6059
3786
4935
5882
6307
3511
476
182
7877
5050
6387
6083
2088
3431
975
2320
5819
7592
6943
1671
7119
4524
7014
4746
726
6351
5466
2940
998
1820
7938
2848
4487
2803
7277
4461
629
5568
5901
5967
4565
2752
4136
2524
1040
6829
1036
3031
5852
4314
2513
1509
770
1277
63
4747
7708
3777
5064
3510
4907
5475
386
3104
621
7175
5492
7911
5430
7055
3709
1952
4207
3836
5897
2705
5044
7982
3917
3695
6007
2355
4359
2395
954
2330
2639
7309
7104
4333
645
1802
572
2883
1386
3224
6253
6950
4709
6469
4431
7218
3077
2852
3346
7048
7791
6913
1852
5773
4559
2992
7110
349
3310
7659
7140
5409
524
2825
2923
6934
1722
2741
6834
3169
4901
4706
6771
5149
3219
4627
5088
4941
2686
1300
7832
5458
1070
2306
6157
7549
1667
761
943
172
4214
1077
7060
2580
5482
7610
3751
6225
18
2588
289
4699
5933
6203
7019
4765
5749
5766
5979
1089
322
513
1694
2595
4351
1337
3122
7020
5196
2462
4242
4864
6773
4459
1868
7977
3675
789
4757
3429
606
3574
3540
6282
3088
4027
7541
755
4995
7709
4281
469
3422
4945
4419
7869
6441
2008
1559
3444
7892
6863
2477
5603
700
2984
3086
2107
268
193
6852
3410
5725
5389
3002
6610
4921
6857
2955
635
2372
2607
3240
4352
1357
1884
4913
5047
2970
4580
6980
6014
5065
3017
6032
5584
5900
4577
6752
1960
5971
3871
7474
7210
1151
173
7236
3896
1408
4810
111
7731
5861
1843
1390
5378
1018
7735
502
5877
6354
6711
303
1941
3648
2307
1742
2283
6438
148
2108
1919
7253
1734
1232
1878
2673
7900
7446
5637
3082
5537
5615
3003
7064
5160
6250
5978
1328
7482
3064
2711
6422
426
2478
816
5403
1801
5105
6261
1312
7138
6279
4414
947
2329
2453
260
5656
208
5808
1847
123
6076
1804
3536
5660
556
6379
7776
4925
3763
6580
545
3955
7673
7931
7984
6205
1508
379
4210
6571
7508
4586
6139
4683
1240
2645
7643
5009
6644
1572
3752
406
7796
4736
1290
3692
3616
4338
6718
3488
1007
1635
7580
5346
3725
6799
101
7565
7259
7496
7750
7901
2634
5463
3815
6340
4089
6129
7878
1033
4094
4979
5688
950
4546
4453
2265
6374
7462
2153
5859
125
2204
6285
1503
3137
3127
1135
1621
848
5037
5424
1990
5763
89
5952
5007
5865
7988
1527
902
4076
7654
3286
2661
1693
785
1434
176
5211
7358
4618
3855
273
3378
2030
6133
5262
6062
3116
757
3489
3339
6031
6380
4685
5506
4862
3120
605
554
7986
7935
3227
99
5220
2870
2447
158
7519
1597
7165
2809
4575
3595
410
4867
1753
4108
4959
3886
722
7371
7853
695
2596
1011
3098
6690
5983
6694
3235
3531
7262
7822
7978
2968
802
388
2814
6688
3175
5035
6533
372
3018
7315
1321
6310
2371
2001
1741
6430
5489
102
7623
4480
1970
3667
267
4832
3441
2114
671
2377
7044
5748
5798
7553
7693
7221
6651
2694
5586
6534
5920
5937
4722
7026
1824
6986
4750
466
4228
6245
1287
3185
2745
6881
1308
7871
5097
1102
3670
4386
1329
6906
6625
6293
744
1123
2969
829
245
1933
2609
5956
4988
2094
5744
5645
1425
1441
6063
7811
7461
6201
1344
3029
3571
494
1060
6542
7642
3875
7445
521
1171
5497
2188
601
1682
1092
6200
6319
4470
5902
6992
7990
5620
4061
655
4296
717
6038
989
3755
3803
360
1371
4367
2561
661
1836
171
2989
3330
5423
1072
7910
3655
828
7883
1553
3066
6045
6079
4624
4457
7284
3841
1359
3228
724
1219
5455
7286
1236
4922
5996
452
6378
6037
5472
5012
4339
7915
7411
4200
6899
6525
7540
5811
2602
3022
843
5017
4079
1718
3947
3892
4677
653
442
5244
730
318
6153
8
1199
5918
5778
4768
2928
1126
7927
6716
3988
6251
2343
5642
7597
460
7715
2648
1138
7156
4569
872
1698
3111
6583
2706
4310
6938
993
1307
1198
1653
3774
3318
5175
6722
370
6855
3719
1575
5579
5999
5714
1148
614
4184
6951
590
5711
2104
6931
4304
2945
3152
141
1827
3865
1130
3266
7769
4919
4197
3569
13
7264
657
6115
7447
6819
7431
7700
2147
6016
6246
6738
4868
1652
4149
3824
2157
4204
5474
4326
2875
1680
6611
7524
2038
140
3218
2040
1311
7257
2866
1875
2027
421
6405
3524
1908
932
7151
7957
4890
5473
3213
5721
4749
6845
7327
1744
2166
5618
2567
2407
5519
488
5058
5801
1010
6708
928
6213
3868
5308
2134
1504
2280
7574
516
6903
1634
4366
2997
4927
1024
3642
319
6406
5976
6554
170
3040
1839
7536
3107
6888
404
3790
6047
7394
3946
6645
1352
194
7814
3327
6631
5909
7513
5895
5445
831
1035
1554
5344
1379
4117
2084
6853
1439
978
6437
7517
5415
7890
7874
1946
6970
2440
7936
4865
1410
6602
6377
641
7528
2747
4265
670
7899
5565
6447
7665
4321
6472
703
3458
3194
67
1995
3168
292
4548
6653
5
3753
1708
5386
5850
1633
6124
6674
1930
611
1846
781
4886
6305
5447
1586
4474
2374
2072
6057
2232
7964
7121
6667
2535
5973
5772
3408
7658
2396
3226
7476
16
1338
2036
7804
2300
3173
2931
7584
2796
1813
5961
7443
3604
384
1992
6362
1920
2836
1193
4075
4109
2621
2626
4903
7125
3597
7288
79
5751
6317
116
5374
6485
5955
4910
2656
548
4686
846
7946
1412
988
5708
1392
4391
6826
7483
2322
6679
2821
2207
3073
5316
2822
749
1796
5281
6907
2049
64
5596
4016
1304
1971
5871
7416
7918
2862
6660
6332
2346
1076
4798
6483
5534
1470
7829
5142
7590
6921
2092
2715
2076
6248
7649
6400
2857
4273
3284
5607
3058
118
2576
6381
564
5658
3791
3090
3894
7560
3792
6544
2255
6281
2605
5437
2934
7489
4951
1211
5899
2413
236
5353
731
2117
1583
7454
217
3445
4317
7722
1800
1525
5184
719
6955
3423
1146
758
5569
7995
6165
6556
5987
7432
1468
1233
2276
5728
1865
5059
6808
5828
1929
6764
359
4976
38
6517
288
6353
3484
7581
1994
1446
4834
3645
7648
3876
1876
967
3231
3728
1448
5636
2718
7841
4975
1874
4679
5246
7219
1061
794
4920
2598
5150
1382
4829
4088
1726
4341
7081
6467
3650
2505
4777
5911
6431
6815
573
6132
1770
558
4983
5950
4932
7965
4785
47
4630
3964
6486
1399
842
2109
3811
2163
2610
4246
6584
1437
6993
2091
634
1539
5556
6411
3155
561
918
4154
4135
5608
4539
5669
6930
6741
5625
968
1120
1523
2974
7367
2211
6188
4035
5712
5804
1239
3001
5994
7760
2587
3191
2681
5783
1450
5840
5201
4563
7403
1542
1606
3520
5325
2024
889
2365
3529
1745
2098
1547
7256
5679
4969
6780
1464
3424
7329
5453
7727
2474
3332
243
4987
4451
6484
6356
3929
1455
5110
7116
4900
4774
3607
4074
1110
3918
180
4845
2563
4982
7631
7794
93
4741
7959
7694
7678
2637
7719
7021
6577
782
3975
3825
145
7045
2319
6036
1107
6023
7388
3596
96
1815
2765
2627
5005
1021
2872
282
3680
4606
2719
2672
4739
1027
4668
5098
7102
5167
7761
6324
4216
7273
4578
593
7107
5443
7067
301
1252
6675
3032
3877
7858
60
2529
4669
7696
4877
7974
6276
2364
847
3430
4552
1008
2200
447
7112
740
649
3414
1702
808
7466
57
5290
3348
2002
2946
5233
4086
1257
1850
3336
6901
2210
1256
622
1490
7307
2779
1614
5093
6288
7105
4222
6388
6044
2789
3131
7039
5122
6809
374
2473
5235
6874
6492
2021
1519
2033
1534
850
4720
4409
7395
27
3576
4007
3130
7951
1914
4356
4390
2006
1436
1759
1502
4876
2592
5062
7463
7211
7033
3633
1196
5108
5667
1402
4784
7379
7960
2536
4844
2258
7688
4537
3027
6822
1895
4123
6687
6417
1728
5028
6652
5833
1727
1686
886
7451
5253
3474
3608
1707
4994
1808
1717
3698
5425
5869
7430
3300
6166
6256
2050
4857
1378
7387
235
4493
5187
7207
2455
2786
4684
3288
5004
6732
5016
3283
7237
4542
2071
3907
7400
7531
3949
5367
2775
4680
4605
5554
5683
5756
962
5948
4303
4378
2148
7909
5056
1205
6777
3530
2389
7380
6678
2254
4093
6568
232
546
3659
3838
2454
5422
3688
4166
481
5298
1902
1986
4039
2233
2840
1856
3323
1103
1848
4397
7801
4234
3412
2000
2827
2463
725
5856
5697
326
6490
5464
5957
7234
1081
6559
7260
5700
5390
1320
5208
5734
7644
7135
1766
430
2292
2891
3759
5410
4732
2552
6473
4961
5696
7568
4389
1440
4758
3834
5429
2309
4132
4532
3200
6428
5444
5906
1925
7421
5239
7778
5552
7220
6368
3992
5133
4793
2966
6102
5456
665
845
90
3344
2488
543
5114
4308
2960
43
4230
3466
3848
361
5493
3605
3584
6668
5960
5182
884
7663
5650
2433
2894
4776
7615
4142
1740
6945
5939
2641
5107
7677
3047
7142
3830
7550
6897
4361
2833
2095
2959
5742
5013
5205
7716
3034
2301
7548
2299
3527
1936
4463
1947
6404
7898
1514
1322
6526
652
6325
7423
4598
4434
2375
5511
708
1023
598
4639
7391
1421
6807
4290
2358
4001
1028
6767
5195
2238
1555
1289
1616
1901
6824
2318
181
7185
7746
2450
1457
3505
1260
135
6114
1456
2250
7214
2451
5578
2312
1169
3249
471
1619
2740
2333
7875
6770
818
6831
504
7149
3141
6791
6147
4350
7612
2487
1009
4189
463
1581
6352
7442
478
565
1917
5297
713
3321
1521
800
1962
1241
3513
5788
6742
7599
3643
1229
4818
2556
2268
2380
6776
1676
4708
6267
5830
5764
2010
3221
668
914
20
7189
7857
3147
7725
5006
6074
7755
36
7958
2115
1515
1349
2341
4052
6274
474
4651
6499
1832
3311
4219
216
2952
6600
2979
5132
604
618
6629
2953
3501
1422
7013
3908
5247
5915
7069
7817
3657
2061
3542
1654
597
3760
5264
5698
5681
3292
3190
2399
2562
3817
7770
2086
14
5194
5111
3059
599
317
365
2053
4534
3523
4755
7605
2987
3564
5266
2424
7444
6665
549
4806
5018
6024
2819
3477
4780
5477
2608
4840
6662
7342
3502
5401
7626
7040
6953
6851
1234
7535
3972
3340
2078
4152
1491
5134
3452
6880
1712
5026
7504
5369
3813
1965
880
5682
4452
1958
3015
3177
69
5350
5980
3532
2897
662
7532
2426
2509
7821
6033
3721
5092
7018
6295
3476
1255
5550
5054
368
80
4098
3922
1975
2856
7980
2161
5648
4523
2915
1112
1419
4856
5793
5936
6514
6999
6978
4363
3468
5431
4199
5448
1533
7606
2219
7714
7966
979
1754
2136
7983
2660
5941
1486
4119
2583
797
373
6656
3493
875
2908
5481
7235
307
1956
1524
2554
190
898
4202
4610
367
3118
399
3863
4545
7366
5452
4203
958
1048
1388
6113
1144
5659
3253
5769
7812
4859
6396
557
3900
2160
4002
6820
5198
7061
5632
1934
2079
3055
3906
2327
1571
7998
3622
3172
1720
6981
6712
6608
2853
7292
2398
2824
3507
4655
6091
5165
5789
2921
1115
4583
4185
6783
1668
4082
4665
4261
294
196
7805
656
5822
3629
3950
6617
5027
265
6760
6786
6169
1885
7681
1217
5436
4418
1380
1032
3350
2037
4188
1913
2140
4594
2431
3590
4059
5451
1377
230
6518
1629
3703
2361
7346
1090
6759
6481
3738
2158
1545
3230
4614
7390
2776
4438
5155
6501
5001
5171
5063
7032
4600
2228
5601
5621
7087
1909
4346
1890
3259
1648
7572
2655
2684
65
7850
7500
3280
6654
7833
283
3134
6774
4415
4165
7372
5561
986
2170
4860
7351
4838
7837
904
3940
6176
6236
6736
1915
3631
3312
7815
909
6039
3545
5718
1673
7956
6498
4990
6094
2186
4717
6673
4444
5846
4036
3359
4040
4175
1206
577
4968
7848
6346
6212
510
3273
6843
3400
1721
805
1828
228
2334
6932
7291
5263
6581
5557
7330
2695
327
3361
6633
639
1226
5571
3320
973
440
2425
1593
2717
6875
1807
7410
1703
2014
3258
477
3549
6854
5518
2982
4771
6237
1935
3714
248
1649
6721
1645
1844
3465
6659
5173
3711
5485
2904
3858
7492
4797
2074
3921
5347
1065
2501
6150
6754
6967
6650
5354
7573
7630
1888
5033
1365
6480
3260
4447
5732
7243
4527
4689
7231
4277
809
4635
3770
6227
1565
2178
5348
3204
2601
3399
6788
124
1639
5204
2504
6909
821
3962
6859
5905
7334
199
6833
4538
3432
1830
4334
6134
1282
3587
3108
2537
6299
6871
5229
806
7793
3638
3515
2758
6947
366
4382
1517
3124
7562
3089
2701
3128
1918
2986
4556
3497
512
2096
2784
642
1037
2102
2321
3559
4882
1669
4675
51
539
6126
862
4116
6247
3143
5207
1139
3856
422
4427
1560
2924
7249
17
2105
4781
3351
4894
7718
2412
1472
5076
4870
6709
2935
1749
1730
3853
4322
7652
1294
3599
2546
3526
5706
3579
6956
2437
616
2564
5127
6618
3409
5294
255
6860
3658
7357
4255
2449
465
4340
5219
4656
1743
1665
4465
2858
56
7465
1969
2832
252
2508
6789
6924
4285
2152
2208
6536
4802
4385
2764
5417
2018
4648
7937
4475
3822
6870
3851
5953
4652
4584
619
3674
4875
7323
2817
2767
3174
1793
4173
798
7863
2708
624
1781
5779
6969
5169
7579
413
4943
5521
5791
2560
3438
4519
7526
5320
7038
429
6454
4398
7418
1893
4250
3294
177
437
5529
1872
7639
1976
3925
3426
7010
3717
1404
4049
2837
4950
2541
1905
2841
4102
7425
7163
4276
226
7182
970
2594
5858
7656
7542
6784
5628
2880
5101
6345
678
1709
3356
3601
126
3078
4564
7299
207
1931
2916
891
5891
4682
5313
2129
4947
589
4376
3879
7308
3092
2090
677
2948
5662
4473
6137
7942
6121
6064
7181
2531
3800
1599
4839
1315
3313
3862
5129
956
3063
7417
6904
2194
130
2452
2223
5807
304
7529
3142
4192
3337
1253
7168
7034
7712
4217
2868
2763
3245
415
1592
443
4958
6040
5258
1342
2918
4156
7248
637
1423
3852
3042
6249
1540
5916
3016
6895
5419
5535
354
3413
751
1538
2137
6704
3724
1238
4133
925
888
4364
3074
6512
869
6107
23
2777
5641
769
3166
2699
948
688
4978
7215
311
6318
5747
5790
1977
578
2999
5582
647
5507
6891
497
2130
1561
4783
1327
4196
6384
4065
6757
7667
6574
4424
4313
3192
3620
2871
6383
4327
4752
6782
7737
4513
2582
6301
5413
6892
2357
7516
3593
78
7022
990
2748
1711
3099
4400
7344
7094
6414
2842
6750
1056
705
7062
6827
3485
1305
5836
4115
5484
4955
3646
1562
5465
1684
6334
644
7765
7232
1609
2768
6821
4467
4225
3895
2206
729
1798
5394
1584
7933
4837
4159
6177
7080
801
3712
2603
5252
6327
6769
6740
30
7202
3045
6323
3436
6219
5307
7368
4113
6743
6335
2177
7689
6390
2052
6540
3926
5826
7402
221
6455
3479
4278
5363
764
3126
525
112
6705
3201
4369
5612
6280
4809
5513
711
5372
1367
285
4330
3019
244
1295
900
7296
1117
5433
3846
2278
1984
1719
6451
461
5794
1259
1826
3371
139
2793
1051
5737
2442
4087
6204
4063
1679
3928
5583
5753
3005
7638
650
211
4582
1879
335
1082
4728
5136
3085
6873
6744
2892
269
3274
1216
1301
5986
7194
5467
1080
5154
5785
330
3341
4270
4362
7223
3289
1481
4923
4107
704
7228
7053
7282
7250
799
690
1480
6887
6457
3934
1227
5761
1039
1293
3149
1695
660
2387
6914
7920
617
2688
3910
1175
3360
1296
1187
7216
6098
5057
5168
2685
3916
6933
7949
6275
5432
377
5643
5644
5478
4251
231
5291
6792
7650
7575
899
7251
6865
5251
4794
6233
2909
2120
7313
7598
5503
5296
881
541
3357
2081
3789
5080
1031
424
2118
4138
7108
1100
4977
1190
4608
5119
3793
2807
3363
5368
3397
1286
1453
3075
1595
1280
1249
6266
2912
7317
3362
745
6304
6723
7497
4215
6243
6929
916
3269
6475
6560
2553
1641
458
912
3807
534
4441
1235
3067
5853
6793
2792
483
3983
1526
5213
7487
1932
4585
3665
5633
992
7118
5236
4274
1449
547
5435
1822
1996
609
559
576
1891
1145
7846
6244
3251
1476
5832
7680
4015
5776
1084
3394
2422
492
7686
3242
3663
3304
4873
3380
7239
5844
7624
1401
3154
4055
2754
3038
6021
1789
2043
4657
1088
4850
7319
1805
7661
7724
834
3198
1318
1531
4718
1426
1073
1786
1091
1987
955
7510
4046
7939
2702
7881
4724
5784
6937
3460
772
7616
3471
5540
4147
5995
6436
4005
7546
106
4031
3443
6504
2067
5391
5599
762
1859
7373
4368
1310
1297
5795
7139
4319
6429
3999
3156
1014
7690
7073
1346
3857
5818
1046
6056
2189
1270
7052
191
6072
5036
3656
7452
5335
2480
6461
387
2751
1418
6255
4211
3184
6210
4292
4337
7691
5611
4888
178
5218
4796
6403
2297
1309
6262
526
4208
2128
4731
2620
4226
3702
1420
3978
974
3121
5384
401
3170
6861
2174
5189
5701
3634
6755
6869
5387
4835
2975
1732
6084
2558
183
7852
5881
3102
6762
507
4263
7929
7934
3996
7283
5740
5651
5884
2640
511
3923
7271
7269
4143
5934
4032
5048
1067
939
7764
4468
5053
5910
6538
2631
4694
795
3041
6018
7127
33
357
1834
3552
6386
5275
1737
7502
6350
133
3705
6085
2055
7294
4892
44
3113
378
3594
344
1580
720
1025
1279
3696
3478
6925
1923
1574
4591
7406
2302
6868
1019
6856
3087
113
2958
1738
6557
3275
4884
807
2716
1302
163
3036
4751
3713
6156
7024
685
3935
1564
5532
1647
3370
3640
3495
4206
5975
5284
3252
3049
3467
7006
1213
5523
3562
2707
3563
5480
1978
4743
537
2658
4240
7183
4456
3215
7552
7468
1699
6552
2421
4413
7802
1853
672
7570
3244
580
4412
1460
6503
4716
2266
1291
4258
5544
3912
4056
6885
7012
4476
4822
5622
1762
382
2401
5312
6130
7523
5355
674
1889
120
1063
5768
520
4820
5585
1132
1222
7475
1223
6579
5462
3406
2475
7191
6002
5913
5674
3592
3761
4940
530
1016
6135
6622
7422
4450
4778
5647
6671
3386
417
5163
5245
5379
7002
1474
3272
7527
1266
151
581
7744
3716
7879
6433
5226
356
1630
3966
1176
3153
747
4593
1125
7806
4805
6209
2141
5449
6748
4325
5461
7049
6376
1184
2058
1806
3162
2712
6197
1017
6042
3117
2574
7823
6971
983
3246
7246
6162
1096
1626
6161
1384
3672
7627
1204
767
3606
7428
2087
5919
771
5609
7720
5573
5349
2521
5019
6391
7634
957
7132
6054
4305
2360
5402
7885
3101
5757
7126
5096
2539
3026
7325
920
4742
540
5323
5762
2007
3390
567
1685
2344
636
5362
6912
153
1324
122
1883
3254
4472
4748
2500
6
7047
6609
6637
4872
7172
7789
6686
6005
7037
6927
7675
3679
6915
5139
6643
1045
5752
3737
4521
6640
2235
3689
3927
3125
2682
7854
595
1487
6065
7375
3494
4985
4151
1231
6813
3787
2794
2965
6940
5549
3699
7756
2689
6575
1758
2643
5459
2591
4853
1093
981
7255
4233
418
3407
517
7787
7596
58
7955
2019
4469
7092
6513
5921
6395
444
6309
7226
5917
6811
1208
2465
6781
5292
707
4357
1725
7336
5486
1625
6000
7989
5116
2493
7961
6366
3352
6182
6470
2530
2590
6458
2486
5677
1409
6476
166
2261
2859
323
5147
5746
2252
2073
2260
1228
5810
3106
5898
7569
1278
995
4928
2435
1445
1186
4897
575
5361
5998
5722
1254
5857
2491
2482
5514
436
1119
4830
6160
6048
7478
425
5580
1814
6259
4673
2400
3519
7341
6779
2176
6729
4729
6308
7065
6624
6599
1044
4084
6905
2315
7732
5652
5695
3470
2057
6269
7035
965
4112
3123
1938
2497
1999
5177
5825
6218
1354
2397
6220
1083
1535
7922
501
4490
7206
4345
7985
4653
1731
4220
4180
3956
1375
4571
7706
4946
5755
2932
584
5287
2282
6278
4121
5940
5815
7621
5089
5803
6103
6710
7098
3250
3651
5634
7488
7001
6928
4528
308
5138
7305
2555
7701
2354
999
5137
3051
4674
7807
5066
775
506
2363
7507
7280
6801
4601
552
2338
6358
1376
2578
3799
1605
2691
2393
5286
3233
1149
917
4332
4004
7803
7851
1094
2743
6968
1757
4343
5770
5276
5273
5672
3890
2944
1167
5505
5023
5265
6882
7314
6616
1959
5254
5593
1750
2905
4146
3788
6692
48
3070
2390
2615
3188
4011
2630
7530
2896
4942
1861
5567
2022
3888
3676
5595
2316
6338
7717
1086
5927
3012
5655
6194
3625
1372
2004
4144
4085
6706
7179
3588
5115
7405
4621
4137
3514
1370
7771
137
6672
3880
2579
2110
6803
1210
4529
202
1494
3860
4104
6070
6957
4153
4715
6724
1628
5954
34
6402
3732
3366
3718
2967
6837
445
1631
1988
262
4696
5061
2458
1345
3993
6344
2902
7464
3379
4514
131
6466
1687
5538
5610
735
2273
5396
6866
3053
7813
2373
4178
5847
7154
4664
1030
6239
2933
4253
7613
4881
4129
5759
4929
7713
2405
7758
6508
5619
2791
5668
3241
7041
5512
6221
2980
1417
4883
2308
6370
41
7491
5781
814
1316
6520
5885
259
7685
4157
5206
2229
7339
3354
1854
5501
198
7320
3159
1498
5278
628
937
5241
2599
1716
4410
4511
3225
2485
1251
3420
2436
5930
2855
3007
1677
2503
4172
698
6785
6509
7122
2616
4973
239
5087
5862
1124
4568
4370
2269
185
6223
1763
4489
863
5199
7068
2926
4952
498
7332
7646
2770
2464
3278
6181
5780
7865
4733
1945
4719
2901
3697
2119
340
6612
4962
3048
550
2799
1326
4212
3619
5032
3726
7274
3157
2761
4579
5654
1921
4510
6123
3083
1632
7781
2778
6078
7819
1715
2144
683
7205
841
6174
2939
4599
4291
7676
3296
5025
6173
7133
240
1164
2133
3548
2544
389
7130
5509
6260
596
220
5543
2795
2479
7726
105
229
1570
1979
6798
984
982
3079
1821
1275
4659
1141
5528
275
6152
1823
3419
5322
5649
5318
4353
6691
6836
908
6849
4647
4186
6590
7093
4933
2279
1513
6726
3448
2410
4071
1551
2724
4245
1098
6148
94
7173
6561
4735
4823
532
5524
7825
40
2787
1400
4713
6080
2151
6515
450
2675
3859
3105
7844
4861
7859
325
6715
3931
1201
5547
1054
1532
37
7192
3421
7088
514
5796
7378
121
7008
160
2351
7200
4120
143
6257
733
5042
1642
5343
5839
6495
4127
6597
1116
4833
4064
1269
7470
6778
3435
7439
6751
3678
4077
4911
6531
5357
784
5250
1245
7295
337
104
4406
839
1317
3146
2227
2167
1797
6567
1692
4604
5249
7188
3396
6191
4440
2511
2199
4831
391
1899
7600
5605
24
4244
1810
895
138
2226
6975
7075
7009
586
2241
2665
1246
4516
2851
2604
3609
7538
161
4816
7582
1137
6647
522
4676
7409
7471
5158
5268
5576
6817
870
6449
5324
6025
5203
2059
538
4642
7506
7335
3050
663
5990
3586
3212
7962
1237
5817
3842
6443
5375
6375
6314
3533
3437
1674
5331
1714
2408
2415
1225
2867
2869
6588
3205
2860
1006
680
168
6916
2075
81
579
3411
4560
6639
3936
4704
2738
5293
756
5841
1153
4526
6303
3317
7838
2516
3707
6626
768
855
2813
5889
5123
2099
6658
46
4496
5161
3887
2507
3295
5045
4170
4934
3829
996
2677
7783
1700
3627
515
3905
5143
7976
7195
5060
5414
7766
1601
6003
6208
7847
4293
4316
1579
1360
2253
3864
6684
2543
2835
2676
5440
2089
5546
4695
7905
1866
4671
3217
4811
4122
2362
2874
98
5153
569
7109
2085
5141
4348
6180
2802
792
5095
7886
6178
3878
110
4417
3893
2943
2888
3644
4509
4235
1177
5190
1556
7376
3796
2370
2899
5454
3617
2068
5148
3797
3062
887
2725
4335
2693
877
5982
2047
2168
4455
1173
6055
6528
4218
2376
5200
6996
3133
3598
5680
6605
7981
2517
7611
5977
2782
2469
6984
5716
5280
6231
1511
5315
3333
3347
6623
3881
5301
874
6790
7941
743
6502
149
6946
3209
6802
4711
972
7856
2331
26
302
5469
4625
6635
4044
3129
6333
2937
3731
2123
2844
7860
4786
2349
3729
5377
5541
585
3328
6707
5574
2236
3924
7740
3186
4541
3684
7129
4992
84
6482
6105
5907
5965
5963
2893
4788
3668
1029
1397
1812
1218
6394
5300
860
3518
4721
257
5319
4019
2714
7389
2589
7687
5551
1447
2572
6328
310
7617
6471
759
5694
3582
5003
5186
667
1001
6847
1406
3375
457
7571
7721
5494
4284
4097
1466
3904
3762
4904
4024
4626
3660
7086
5267
529
5946
4971
553
2581
2325
7152
493
5687
4700
2017
1769
3428
6298
1343
352
776
3998
6894
3828
4126
6360
4918
1607
5842
1817
2284
3780
5328
6348
7604
186
5332
233
544
6920
7861
3997
7556
3207
324
7790
3932
1573
6944
4486
6041
3365
4169
4661
4660
1393
3271
2287
4148
4622
5404
1548
5864
1347
6087
5872
3453
632
7660
3808
896
2303
5685
1438
5972
1064
3080
3305
6120
7963
5002
7618
6292
272
5908
865
6189
5488
754
6952
638
2441
6020
6347
6006
3758
5172
2324
7808
5183
1825
5577
3307
1140
1955
2263
4260
2613
1833
2428
7213
2698
6960
7684
1101
6142
1922
1724
4819
5854
7948
5797
6985
6766
664
2461
4826
1078
25
7602
527
73
7662
5591
3835
6683
4914
6586
2881
61
1041
454
7867
1773
1416
7647
1165
4051
7254
1520
852
1543
4466
3043
3343
7614
2417
4764
7369
715
5635
1364
5834
1881
3866
4042
4603
119
6092
7914
2864
3727
2988
608
5542
5928
7729
7229
6987
6893
3939
2100
5162
4497
3214
3325
4030
1351
686
2272
4827
6462
3641
11
3405
1764
3163
6410
6195
420
91
5510
879
6111
5943
5398
6587
5010
1283
1840
2139
1656
4553
1333
5888
403
1429
3308
5400
1500
3662
6474
7186
7157
4387
6289
4495
3715
7203
6273
7893
6558
2382
286
2523
2696
1485
6435
1552
4283
5802
7120
4520
2386
4392
6772
3072
7666
4256
6966
7429
7554
7723
3023
4705
4433
4763
6898
3509
2522
3427
4264
7343
7830
4402
4101
1285
2830
6407
7111
777
3948
7318
5146
3369
297
2392
3503
6214
1230
812
894
6265
2878
836
6456
2214
3776
1949
4650
523
6714
2624
390
7996
2181
1207
3810
5420
7495
4531
1479
4896
6553
7520
6296
4633
3391
1473
2060
7083
7944
5442
3517
6664
2262
6911
7711
1701
574
5926
4787
4836
2197
4021
1271
1385
453
3261
1942
5657
50
7072
2843
341
7287
31
3331
206
4437
7896
7509
2402
4562
2723
7057
396
923
343
3967
7578
2212
1042
5630
2828
2289
7620
4761
849
3543
2339
224
7628
5470
3349
5272
7227
3973
5040
2345
3368
2577
3974
7849
7537
7252
3033
3046
5317
2964
127
276
3247
1414
2514
6071
7386
6991
4238
7353
811
1924
2432
3139
1598
402
475
7593
3057
4851
5192
582
4073
5070
2936
1803
6669
7954
3381
2646
4688
6697
1644
6846
7842
4399
4139
1069
66
3920
6271
4730
5896
3372
7672
2733
3722
2876
1185
7749
4744
6910
7005
4852
4190
5639
7187
4691
7514
4617
6832
5663
5282
188
6030
7943
3415
1943
4043
4241
669
7310
3551
5617
4280
5117
3061
3276
5690
5418
3959
5084
1748
6655
5880
6585
4597
5944
2342
4380
6775
4080
5545
1391
3839
3546
6096
2520
4646
4125
7448
2772
7699
144
570
2668
4574
1488
2138
6235
1212
7074
6848
6198
5179
7640
5240
5446
3011
723
2335
7786
824
817
2703
4300
631
2495
3160
7361
6049
1557
3268
2502
5248
4849
5380
7004
6242
2653
1756
910
3771
2499
7054
7557
2127
6316
2783
2823
1492
882
5360
833
2215
6670
3462
732
838
4312
6027
2205
7917
3987
7792
2466
2538
5310
3315
6562
2831
2267
1657
2298
931
3071
1183
1973
5329
3504
4535
4096
6263
6844
7106
7763
2886
1415
7155
1640
6426
6097
6828
3039
778
7512
2248
2385
2642
5359
6151
5022
1658
2938
3840
1332
6444
3677
2195
114
4991
3211
936
3649
1678
3008
2111
4737
6053
155
7458
7484
4799
2337
6758
3264
7970
6516
88
2845
2221
1361
1587
2246
1197
4536
938
87
763
6582
3202
4252
2865
5075
6409
1431
7671
3872
1209
1087
1247
7201
1477
1892
4690
6548
1735
3757
1114
3451
7311
6425
6917
3585
1903
5876
2274
3440
1792
200
3778
6681
2122
1319
2032
1484
7115
5589
1964
6420
4782
728
4145
6661
6964
5868
3508
376
682
4118
222
3550
6990
2629
3693
1020
766
2379
5159
7991
1334
4320
3140
1950
3439
4964
86
7785
6522
737
2749
1452
4022
1646
7795
5720
1160
5754
1683
1767
679
7051
2143
2323
6117
4645
1248
4407
6700
5370
7840
1603
3367
5214
1444
7912
2146
6794
4295
6962
6163
4131
2239
4698
4846
3298
2031
305
3994
4547
3010
528
395
152
6170
7703
479
5408
2636
3164
3181
5102
6445
7096
1471
296
7158
3735
146
783
1983
7589
3277
4213
3189
5678
2873
2005
6919
3541
2244
885
1299
6607
3472
7895
7887
4375
2155
2569
2649
6372
6423
4557
270
5224
1273
4017
1650
4891
1398
3986
3823
6230
312
238
3416
4821
6361
2907
6862
1622
6530
7945
5305
6728
6100
179
1566
2534
3818
3637
397
416
3279
331
3847
4324
2391
5100
7084
6185
3525
2976
7994
6973
4471
7312
3602
489
5653
4499
2494
2671
6823
1451
4980
5491
1617
7453
1666
1768
4879
4449
7503
3970
2445
5741
6730
1862
2510
2416
4426
1997
5993
2619
4053
980
3475
7480
5288
2243
2993
1143
1339
4371
1179
4613
5787
6172
2669
5302
2051
6634
6439
5875
500
7176
2565
5015
5981
3446
4268
3982
3035
4394
7434
6555
76
4654
588
4223
5438
4632
3256
1298
2549
7921
2736
6702
7338
7835
2818
4009
3623
5820
721
4554
4727
6168
2805
7279
2838
3167
2651
7873
7392
4266
4517
4530
306
3301
7907
1194
3112
6463
7473
7788
2917
1157
6419
6983
3981
3953
7782
6093
2003
1544
6190
5843
55
5646
3870
7027
2198
4817
5812
3561
2635
74
3297
819
6841
5938
3805
7180
913
946
3459
7150
1002
1787
612
225
2259
7017
5575
4099
5277
6488
2471
4140
509
853
2697
6116
1507
787
1818
5886
3355
449
5723
6240
5021
4993
1546
7543
1118
4779
2222
4482
1442
7324
6258
6154
3464
2012
6159
3764
7396
4607
6872
5269
2526
175
4723
822
6008
6896
3740
7424
3203
3257
7204
3056
1536
4551
414
7455
3903
3568
7298
6468
6397
7757
2414
1203
5130
2771
3179
6491
5962
3322
7518
6563
1058
1569
505
7131
237
2774
1910
3750
2418
1636
5860
5334
5729
640
22
154
825
2542
4379
392
1458
3690
1395
4454
7515
7997
4176
6393
613
3942
1462
4954
1068
82
2131
1558
5562
467
3873
6923
551
600
6320
6592
6254
7603
70
2898
1661
6734
4866
5945
2887
6812
3555
3766
4195
4670
5227
4299
1841
5989
1015
4331
701
2183
5805
1775
5289
5992
4070
1104
6222
5526
2419
254
6628
5067
4045
5984
5731
3730
2721
5416
1355
1710
4997
4481
4989
5145
7751
5816
893
5855
5450
4388
4191
3220
321
6566
7028
6052
1662
2150
1303
7230
897
1643
350
227
1791
5671
7082
7799
5077
4615
1496
4512
3867
3833
5835
4422
5606
7124
5460
7407
7629
7066
3299
5339
6164
1159
1896
7046
6109
5673
3831
5426
1637
3575
1443
859
2481
5991
5719
6620
5228
3941
1263
3539
6448
5699
2356
7374
2169
7547
3229
162
793
4010
2388
4825
7099
7916
3783
6511
7170
280
4462
2575
1276
7384
1638
5848
2145
3969
5261
4344
2525
2009
7753
4795
3977
942
480
1588
868
5299
247
4895
3434
7993
1697
4702
1489
4667
7217
4443
2991
3556
4775
1284
7972
2359
3779
7545
5094
6215
6570
7607
2097
7820
2366
3282
210
6795
5030
5086
1166
1530
486
2659
803
4460
508
209
7576
7145
4428
4236
3081
3801
7190
2456
4247
734
4854
6075
921
7025
5777
6090
408
1394
4759
2216
7436
4658
866
4439
6089
5039
1281
7289
263
2861
3044
3985
3937
4328
2910
929
907
363
7588
6737
6199
3388
4243
281
1
147
1577
3639
7828
2884
7973
2409
5733
6698
1182
659
7637
6264
915
7058
7029
924
7742
345
3744
1180
2132
7244
6217
1860
7363
791
7208
5531
7435
7499
4842
2101
3653
810
4957
5890
6922
3193
2080
5321
1627
4054
5231
5691
5564
1512
4738
6179
1004
693
6450
2808
167
2193
4171
4110
949
7031
518
4420
6883
542
6068
7128
3570
4734
4141
107
3302
7362
2225
4033
4926
4863
6564
7023
3671
4393
5675
1147
6998
3611
6954
1706
1461
6416
2291
6537
1582
6965
2812
7745
5806
6418
6095
1739
3534
6339
5255
7178
7345
4767
3976
7657
4403
4237
215
1733
699
5128
3581
7412
6804
7278
4707
5259
4549
6355
959
4848
5121
971
911
1050
6331
4643
3547
7322
3691
6519
4067
2512
271
854
2182
1192
2913
