359
1283
4068
1791
3738
1627
465
1934
4738
2162
5014
5637
5200
1468
5848
3874
3093
2270
1256
3344
1134
4292
1387
1525
1693
2672
1490
5765
1309
639
54
630
604
321
3214
796
102
4938
402
1150
3557
5464
5052
4935
5278
4359
1640
3502
3684
145
406
3815
4070
347
1706
5763
4916
481
5881
4257
1522
3672
1824
4334
4984
2806
2579
4690
477
1949
2466
2962
3591
4884
3368
1156
1046
2754
3716
4661
523
533
5219
1839
4169
3918
3869
5393
781
693
898
1083
479
5214
4698
867
1643
3491
4642
3784
489
2942
3619
2974
5279
5399
5455
888
3364
2410
2111
4557
5592
3987
4184
1137
1279
3083
5556
5519
5673
643
353
2228
2783
4040
355
441
3126
1834
1735
3249
3785
864
5808
591
2689
4369
827
5706
4837
1935
373
652
5443
5044
3529
2241
4284
1576
4182
454
4270
1400
496
1718
3520
5273
1900
3020
585
1615
1152
2555
1357
3250
2402
5039
1636
5814
5192
1271
1230
5022
1044
119
2493
4132
2639
546
2384
5343
919
1310
4842
9
4572
5407
4785
1323
3328
4702
5882
1937
1252
336
5160
146
3423
4143
3379
3340
5761
5416
274
1923
3680
4301
885
2699
4971
1544
3683
680
1592
1233
1361
3926
1961
1768
5216
732
3144
3445
5445
3255
3811
2661
3028
1332
5787
5486
3823
2698
3685
1406
2418
2275
5790
5128
3215
3319
404
2716
5449
2309
1413
3244
5308
4194
4283
494
2079
2379
1390
5173
5112
2629
2170
2424
5802
5236
4409
2660
4977
682
2179
2542
1881
1665
5724
2864
2633
861
3401
3925
4464
5594
4746
3465
4895
5008
3584
2970
1380
4164
3461
1010
1203
2130
5155
5668
4041
153
4345
670
3843
2522
2738
3241
5804
1698
1177
2876
3397
1236
3861
3097
229
5586
4585
3003
4852
5572
5444
4792
5916
1556
5500
2516
5258
1578
3493
4321
3061
1781
3201
1053
518
1146
1856
3029
2508
2129
4154
5104
2090
2283
1523
5961
2217
4131
5676
3153
3081
1685
2097
1362
2324
2348
3836
249
979
3989
2168
3670
687
5264
5116
1598
3526
2085
1777
4434
3822
2467
751
5120
4081
5865
4715
557
5378
2549
1945
2510
5799
189
4389
1727
3479
4948
5952
4590
4951
1764
2413
4476
5193
2213
1748
1017
1696
401
1158
2932
830
1409
3922
4821
2847
3030
4860
2257
2080
1688
1106
474
551
1074
5577
5285
5983
4972
4643
5381
4594
1925
4522
2049
5426
3571
318
1215
951
2746
182
4723
2480
1728
2541
5937
2388
5582
1478
3659
3954
773
1805
2297
1278
5974
391
3543
1943
4187
2820
906
4665
1458
4878
5979
3396
4394
1029
1563
3188
5791
405
3587
5316
5405
2710
3127
3313
3560
727
5530
5646
1830
3804
4754
5648
584
1092
1751
4454
3955
1497
351
2736
615
4547
992
4706
5812
5746
2327
4550
1356
2450
2180
3378
4942
4013
1612
4617
5337
1090
1000
1912
2197
598
5984
2718
422
3801
4400
1526
1858
834
4388
1186
4024
4206
3032
583
5373
2912
4641
4193
1732
3087
994
331
2187
5908
37
1921
609
897
3413
2011
302
2296
726
3673
5681
4084
5367
3803
58
2329
3320
4142
3469
5869
4501
2844
4216
4103
2008
3402
4768
5450
196
247
4176
4452
3088
5439
3912
1325
2361
5738
5205
1485
5636
4493
1608
5792
937
1926
3506
5889
4290
1863
5458
3302
1996
2673
5492
5326
1829
4675
1194
1059
1789
3363
5588
3586
701
1803
3333
3768
3433
4973
4438
2247
1914
4437
3069
4329
4042
76
5018
4787
1388
519
1292
3098
5697
174
5535
4039
1807
1587
4108
4395
1417
176
5900
3189
4518
2769
2764
4859
2075
2841
475
930
1798
3656
5976
5531
925
1828
5482
8
1190
2349
4615
208
1545
2507
4845
3693
2535
2071
2980
5329
3398
5261
4576
3289
2967
4104
5266
4419
4367
5165
5385
5880
2679
5735
2215
2030
752
5779
5868
5819
5481
791
1383
2186
4985
2971
5291
4530
1078
4976
3951
3640
60
1899
735
1650
5356
2766
1532
2961
248
1956
59
1316
3472
1692
408
538
774
3749
3799
1425
3270
1007
2918
5027
854
1679
5998
163
5311
3100
1001
5664
3356
1210
3970
513
1610
5707
3014
407
2787
4747
3174
5786
4120
5201
4030
5685
608
1605
4181
3338
2414
4309
3104
1942
5435
2737
1491
3171
3261
1635
4807
777
4756
4719
843
3151
1875
4794
4562
5578
1127
2705
252
1644
4026
2985
345
4653
5317
57
530
637
3291
537
5684
4215
3616
1243
5912
4325
286
2598
2148
4912
4778
4682
4213
5221
426
3847
725
4589
3877
840
3934
3343
4608
2243
4967
2128
334
702
2789
4342
3000
1288
4774
2650
5585
4840
5306
3118
4408
5997
3079
3958
270
211
3105
1887
3771
2273
4831
109
255
915
1286
2936
1111
1058
1770
5365
231
753
3788
4663
1743
2614
5394
240
1030
5654
323
2802
5996
3650
3725
3115
4995
1276
2204
5805
3303
1005
1290
1471
5364
4888
5847
2791
2748
4336
5512
5625
3094
5395
3540
3434
5488
1772
4809
2922
1085
2486
1994
2394
191
2199
3597
2984
5656
1713
1179
3523
5380
3462
903
1255
3012
2150
4324
4072
1836
4252
4741
850
1570
698
2963
1191
1765
4777
1597
2232
202
570
3305
272
4709
1499
5468
2835
3663
2206
5115
1966
1889
5336
4124
3409
2105
495
5700
3789
5780
2822
3538
757
5478
2807
5051
5729
2151
5240
879
5816
5020
4330
1037
4908
3231
5320
400
1930
1481
1877
4448
3731
2742
5751
1214
5406
5725
3572
5274
3324
4892
3228
5427
2159
4801
105
5883
2419
2877
1024
1385
4828
5917
4397
836
1104
1602
831
2182
85
3051
1404
3997
2869
2303
273
3857
1077
2832
1971
548
374
2561
3490
31
2512
3288
5467
4823
5434
4390
5339
5599
4383
5465
5354
4196
5721
2752
4936
5272
5894
5244
5947
5663
246
3980
2873
2622
4098
5632
3309
2884
3487
5694
4468
849
2659
1455
3696
742
1036
5595
953
5280
1241
882
817
3892
1983
1987
416
303
4382
2284
2304
2747
4636
5238
3713
1654
784
4718
3770
2953
4016
3142
5980
4622
2708
1099
2218
3080
4871
3159
2499
1440
5123
2992
1792
3293
4789
5662
5491
4541
5570
21
1496
28
4770
1182
4734
1048
1848
710
2106
649
2983
5960
3355
558
4354
1043
5108
5559
5025
2691
4861
2223
3871
114
3835
1300
4667
2750
3603
1487
4029
2941
282
5149
5397
5844
3183
3583
4982
3439
969
238
5035
3027
2780
5452
4593
4824
2529
606
1303
1541
1725
3667
5903
737
261
10
779
2518
2514
2055
1879
5794
3033
3339
4983
3056
1449
3606
5551
4580
3346
1479
68
4115
415
3443
2988
5271
4129
87
5913
2845
2805
4114
4628
2124
4560
5390
3456
5698
5641
5928
970
447
1322
212
943
2482
2828
1187
4735
5442
2685
1860
4232
3829
3604
203
1678
4644
2292
4513
5558
5030
4883
4261
623
2436
4654
4001
64
2997
1103
4677
4781
910
3284
63
977
1348
2776
5355
816
4405
131
3460
70
586
5431
2824
1196
2012
5537
3372
2882
2999
4672
4137
1180
2205
4934
3367
2619
722
1929
5017
5781
1874
674
4074
4046
3939
1105
4744
4726
5142
99
4295
1306
3647
4503
5741
3722
4918
1421
3712
5168
50
2310
4036
628
5630
1903
3222
5523
5479
2408
3756
2404
984
4581
5424
2583
2548
159
3783
2420
1437
2655
719
5634
967
2145
5653
865
3566
3141
4546
5093
1097
745
77
1980
2233
3519
3744
987
5119
3172
5524
4655
567
5178
605
3699
5157
5748
2728
4110
935
4387
3695
2026
295
1166
5307
2265
4571
2099
3123
2039
2875
4776
2375
5568
3901
655
3430
4088
4766
2530
2288
1822
3730
1164
5183
3968
2786
3854
1969
3856
1885
340
1700
4322
755
3714
1891
4023
110
582
2751
2630
3386
91
4554
2073
2347
4900
480
5538
3945
1184
2421
4089
2109
395
4109
3541
5652
268
1773
1884
300
5163
2449
4521
5242
709
617
510
4632
4328
873
2808
3290
2437
5414
4096
4148
352
1262
4542
5540
4999
1125
5234
4603
2089
4876
2862
1682
2006
2626
1551
478
2447
2644
2574
2498
5867
166
2911
4678
4806
1785
1240
4818
1338
1462
1101
4050
4591
594
3642
5186
520
121
1500
3162
2928
4963
2174
3122
2925
1027
5507
1234
45
3891
1802
3117
3437
213
5415
4259
178
3221
2448
3448
1128
5239
1149
5852
4582
4433
5628
5755
3418
5418
1524
3096
3387
4300
1009
15
5140
708
1452
217
2255
4885
2610
4358
4713
4505
3224
3452
2339
595
3631
4413
4680
3412
319
5208
3853
2902
2573
3605
5033
438
29
2989
4122
3092
4288
1199
2692
4543
5114
1709
1853
2362
4688
2885
2497
3552
4640
3706
501
46
3767
2908
5620
2616
4717
1776
5000
4003
1927
19
2465
5734
3417
2236
5525
5072
3641
2376
812
1660
3220
3653
1346
4613
956
3598
3814
3187
760
4082
1474
1954
5518
5905
4952
575
2058
4424
3645
892
2412
5933
3348
1574
3733
5546
5328
1583
998
4172
236
1372
3737
3351
4708
3872
5824
1442
3165
3494
93
4052
396
1392
2814
4155
5459
5107
5635
4958
880
186
5839
5408
439
3929
5934
3558
770
2547
1063
3686
2495
2949
3780
2762
2779
3353
2019
686
1211
739
786
3435
3850
5571
1683
2680
2083
5437
2235
2453
2767
1245
3936
707
1621
2761
656
30
835
1970
1320
5955
2670
3292
1301
2316
3795
4699
5579
1493
3585
2013
4676
1664
4171
4276
4349
2976
4440
3910
180
3227
2640
1405
96
1136
3026
5692
1450
4899
5
1420
4804
2562
5831
706
4650
4477
939
1778
2472
41
1172
3624
5870
4080
3974
2924
5747
2441
75
1217
4772
1227
3701
859
443
3082
1102
3852
3200
4551
1695
3044
3628
5231
5003
2532
5304
1492
1264
3777
3688
1569
3751
650
3166
4610
1564
4924
5757
3779
568
5496
3251
2248
5129
4002
4236
5840
1862
5680
2000
684
3595
377
5305
1897
3178
2356
4686
542
3075
1974
4317
4420
2603
5011
2135
922
1410
5401
2605
3335
5113
1661
952
5283
5391
2178
5616
1674
860
2335
5369
5992
534
590
5212
1550
5190
5313
1548
2216
4145
3952
4218
106
3405
2306
3613
4235
3898
5679
1741
5849
5691
1160
427
1712
1395
1992
5887
631
1823
1326
5876
3986
425
5403
5871
488
4720
891
2794
2979
716
3503
958
1367
4957
3633
600
3121
1138
936
112
1081
3486
4850
5801
2078
103
1454
4545
923
2423
2040
4021
5709
767
1232
5432
4555
3259
4905
2374
379
4961
2886
3681
2990
1270
4053
42
4886
4587
2782
5010
4158
2632
5090
908
3743
2943
2615
1340
758
1193
806
4646
4534
5669
581
4851
4447
1216
1411
5549
3710
5543
2054
3741
4732
2221
622
3916
4461
2889
89
2165
2192
5331
2042
869
1675
2538
4584
1330
3354
4502
5674
4509
222
2139
5066
35
3708
2543
1989
5956
2194
5247
5477
1466
5999
4662
2856
3007
5567
5454
2796
659
3114
3864
1584
3318
230
1070
4704
4421
5762
3589
3119
4402
2642
5756
5575
5493
5745
679
3720
4135
2196
4991
5962
1851
3813
1922
2443
1498
2565
380
3331
3196
3124
1938
1393
3147
5618
5736
3243
646
2043
2612
4815
1547
2289
3602
3038
5995
3120
4798
990
4490
2120
2860
4631
3888
423
1446
4296
4256
1311
188
1419
5687
3632
125
3906
2063
4721
5520
4443
2359
5766
3967
5182
4880
4348
329
4313
294
5501
2920
3076
4862
2094
2298
1267
3810
446
1910
507
3429
3388
1731
2383
5174
4233
5990
955
798
4428
4355
2115
800
1676
5864
2490
5949
198
740
5229
4047
2017
876
2264
1418
2956
3203
3533
223
5710
685
5722
794
339
2945
4312
4614
2995
1408
2314
667
4724
3752
470
4558
349
1365
2797
5430
4816
3392
1451
5842
1207
5689
1999
4460
1539
3278
4005
556
2617
1737
4214
2831
801
1280
5310
1459
305
3990
5094
3890
4564
3091
2399
4478
3941
4959
3873
5695
1562
1913
5503
2798
4141
5495
505
1626
1192
1501
5951
627
2537
2700
847
156
440
2134
4894
881
4625
266
1797
780
5642
1817
476
2697
3643
1620
2715
1082
4669
1842
5659
237
4099
3611
1734
2500
2286
325
2191
1628
1965
5169
3272
5004
5470
3342
991
766
436
5548
3937
335
4179
985
3103
2227
792
4687
3858
1461
5348
3826
5906
565
3568
5076
5453
645
4058
2994
4596
1893
909
4373
455
4480
171
4431
4495
5922
3271
2427
1167
3158
3746
1051
3058
1656
4953
3422
2034
453
3966
4627
5604
104
3362
3837
1318
4635
5527
5743
5124
297
3181
2415
3001
2044
5837
2010
1957
576
2225
1689
2291
5438
3866
3623
4062
4864
1291
4188
3060
4117
4813
2919
4742
4865
3702
3754
5040
5770
2226
1638
3016
1623
1377
3245
3198
5392
457
5975
5699
5230
1123
5172
3508
235
3217
5077
1096
1555
1218
4737
4728
699
5061
4168
978
4968
1726
1780
1993
4605
242
3089
4745
664
5675
1809
4539
4683
1011
5764
215
1305
5705
1998
2819
1209
3474
2955
4689
3518
5162
4075
1662
1714
2319
3690
1109
1585
2064
2470
2634
4090
5249
4933
2938
367
2169
4748
3113
2611
750
5388
4758
512
4331
3389
2346
4606
3269
3772
3593
338
4525
2878
2156
1950
1870
5086
5583
1066
4192
4094
3884
3574
1175
5270
2454
3225
2301
2365
11
256
2866
5863
4881
4511
4133
4647
1484
5082
917
3301
5358
805
161
2098
2407
5921
2785
4921
5704
4305
3497
1880
2417
3034
1354
793
1396
2126
4449
1435
3881
1873
4510
3206
4255
671
2566
3239
4127
1263
1130
4264
1506
1985
2357
3090
3129
1119
705
1813
729
3327
40
4111
1979
651
3668
3845
398
279
4914
4199
5615
5728
1162
3393
4211
4268
2969
3914
3507
5303
1902
4025
1944
4743
1997
4327
5857
3053
5958
5109
2318
1071
661
322
4022
2398
4371
1093
3889
4994
1755
5602
632
3705
2666
3802
88
5942
3070
2662
5209
5789
1846
5927
1334
3085
3031
5953
2268
3483
2871
5064
306
3427
2360
239
1986
4067
3635
511
1054
1864
2563
2433
2505
2731
2972
5614
964
4458
4228
4670
3295
2960
5930
2523
4540
1691
3155
2086
3578
2245
589
1237
808
5237
4866
1445
1739
2430
5007
3209
4817
981
2635
4361
4479
4174
5631
3773
2378
1552
1719
5608
1343
5041
149
821
1018
3808
2506
1212
2696
4343
5731
4964
4556
2181
1244
4116
5062
2528
4879
1708
728
4711
2113
4583
4730
5293
4937
3742
4877
5972
1110
2311
3817
712
2469
3634
71
3475
1477
4097
2143
4729
13
842
327
216
2606
5497
4759
2432
5879
4229
4946
1371
1169
3819
1898
3809
734
4630
1122
4035
4118
1220
4637
4795
412
3262
3150
5509
3875
1600
5417
673
3240
1624
4353
4430
5682
4906
733
144
3551
165
4091
4575
5225
3862
1201
4805
1034
4487
2252
399
1206
5055
756
2896
613
731
3961
164
4514
5159
3612
5825
3580
1800
3054
555
1799
3765
4524
3055
5919
532
4376
1398
3867
3537
1094
39
4004
948
5969
3077
647
3935
527
1568
5511
27
844
852
2110
2238
5544
1663
1113
117
3132
2580
2400
3969
3550
2152
3904
2816
5023
2892
3698
2308
3473
4549
1567
5135
5612
2981
127
2669
799
2935
2893
5985
5132
3652
2406
283
1746
5340
3177
5222
4538
5150
410
5098
1538
1801
3467
2251
2381
4597
2188
3252
201
3037
4134
1931
3006
1611
1601
5031
4506
4038
1516
460
1282
4869
2203
2904
301
195
193
177
2363
3885
365
3496
5580
4767
1426
3057
761
1760
2198
4411
5179
4740
748
1222
3111
5723
1919
4803
2184
1761
2758
1579
1299
607
184
5626
220
4563
5773
516
5204
2927
228
2947
5384
5070
4651
2189
4799
3588
4574
2353
5457
3905
5213
1258
1197
4997
4755
5499
3988
2577
5134
4932
1432
312
3194
4245
4552
1849
2701
2096
1448
500
4011
5714
1759
848
2756
5775
5832
4048
4693
1208
5966
32
999
968
4600
1336
2503
5277
640
747
160
2735
916
4266
2810
573
328
957
276
5068
4219
5803
3933
4612
653
1143
4990
4210
4989
3660
1649
3498
4247
4666
2003
3308
3985
2880
5122
4486
3478
1337
1284
3168
179
2874
2839
4416
2468
4703
4843
3406
5994
945
5899
5611
5541
2057
913
3833
1120
5516
2868
3304
1424
1088
3137
1060
4919
1995
2153
275
3718
142
5206
387
2488
3669
633
5203
1557
1590
988
4782
1368
5386
4579
3480
1591
3676
2687
3047
3982
3287
4483
1344
660
2722
5296
1707
2683
5498
4981
1653
2707
3408
4254
3021
409
4286
5892
4645
3576
5627
2293
3207
1012
5835
1016
5181
3596
1648
826
5683
514
1121
5235
560
4950
4907
924
1716
5359
931
2146
4609
1892
5199
444
3421
384
1581
4474
783
2263
874
4691
175
1647
3778
4844
2898
5918
1304
5744
5640
1098
3760
5811
3223
5156
2966
911
2101
3285
363
5701
4659
1159
5045
360
5145
3600
3505
5083
2809
1788
3530
4370
4069
1427
1019
4307
1909
4159
3979
3903
5087
2855
5777
5566
694
3163
5220
3626
3569
3639
4733
768
4857
2881
4475
5907
4788
1358
3404
1872
5633
718
2517
1142
257
154
4260
3345
2663
314
5318
152
3745
4073
4825
878
3907
1324
2095
4639
4684
3849
3211
3426
74
5154
676
1536
308
25
1869
5946
1958
2536
1198
1353
2037
4592
2051
5389
1412
601
1529
711
3514
2664
5262
2781
98
49
3371
5769
2104
48
3065
1022
5012
4668
4911
2905
4463
4319
4272
5166
5658
4404
1247
862
3993
4007
5945
5601
4611
3484
5202
2823
3453
4086
1489
4598
2801
1465
721
2952
2544
2397
4863
4497
1004
5645
5341
2645
1504
313
3179
807
1144
4189
5088
4034
3879
4173
5737
2829
2345
4282
2526
5269
4265
461
5944
5146
2948
2422
2477
3036
4149
871
3547
5321
1444
1515
4153
2521
158
3279
5829
1618
1907
4019
2024
5063
5661
3146
2857
2712
889
1229
3637
1154
3962
3164
5233
4925
4904
1745
1948
2442
1509
763
875
2713
2484
2618
452
5102
3263
4009
5965
5836
3108
130
703
2763
746
4220
5058
1476
132
78
3724
1246
4604
5374
2492
264
5043
4765
2389
430
566
3528
1793
3832
2240
183
4793
1742
2743
3349
5461
3501
1204
1762
946
1141
2607
965
2068
5660
269
2332
2451
5096
95
4085
4027
4010
1652
4064
4032
1831
2593
4049
5596
612
2209
431
2865
5357
662
1637
2939
5521
1129
2625
4775
5097
1373
1595
4198
5111
3545
3212
1833
3786
1020
1118
4335
1414
3592
2137
445
3419
3265
483
4378
5032
2330
1033
2631
4100
838
4791
4360
2333
610
2891
3311
3909
1
1153
5924
619
832
4294
4832
4618
5584
4244
4248
5215
5564
5080
1782
2744
895
3011
187
55
218
1148
4432
4451
4930
4773
2504
3175
5742
3535
1438
5371
1319
72
5026
1827
1606
3369
820
5753
5034
5147
2244
778
172
3015
5198
3488
5846
4507
1189
700
3140
4658
5508
3425
2313
1457
3213
3727
428
5065
4701
5820
3403
2638
2811
2671
754
1415
2172
5898
1593
974
1494
2352
1655
3170
4559
596
1518
5433
5989
3776
3004
1795
2646
148
665
2177
4298
2817
3646
997
2550
2290
5338
4986
4320
1443
4406
3763
472
2741
2916
5833
3336
5185
858
1794
1895
2534
5783
2320
2117
3975
5823
5301
1049
5893
1530
3136
1939
4439
2239
1296
1069
5774
5539
3759
620
333
4835
2850
2913
1023
3582
2852
330
4800
2576
3107
419
2193
851
4875
5490
3555
692
3361
657
5289
3930
2056
4128
3332
4780
1091
5925
2249
976
3620
3307
5895
3994
5982
2596
1850
4223
1328
2931
2589
5749
1061
2732
2074
1139
2921
3086
3139
2158
417
1188
3205
3689
5688
3846
4902
5532
350
1015
1185
4253
2684
464
1314
5822
4569
1852
914
2337
5712
4993
3938
7
4535
1032
304
5260
5886
139
3128
3444
4160
2768
4544
1812
3579
5276
1317
2066
5929
5419
1080
1379
2053
4601
1433
811
730
4269
3651
3697
5046
1275
2690
5473
2569
3943
2259
2986
5597
1040
2604
3219
749
1667
5446
4471
2978
886
2895
2431
1363
3018
1730
1631
797
4136
5732
4323
2409
4529
2775
3436
2554
151
1630
2294
5029
69
1668
3095
4577
5693
4079
5771
5553
569
3748
1633
4872
4162
3039
3940
36
1710
326
866
5265
658
392
4910
2587
2833
819
5878
4498
3923
4504
3357
1025
3971
579
5251
1838
2222
563
1901
4602
4274
4944
5963
1940
5428
4855
3045
5591
3895
2328
1680
3455
3315
1464
3790
2643
603
1221
592
2354
3280
2112
4536
4314
5830
1254
1416
3167
4893
281
3078
1436
126
434
320
5101
3202
2344
934
995
3410
1126
2600
5600
4341
356
1347
3942
3567
2755
3072
3195
1888
4262
3399
4043
1784
5049
4287
2341
893
4151
1225
1796
872
4626
4812
1977
5484
5619
1754
1242
4882
2636
1223
2336
2445
311
3325
4446
433
3193
3546
4586
1486
3851
197
2879
4797
980
1200
4251
1402
4523
5606
1609
2843
2719
823
3074
5036
508
1528
1701
4621
2287
1157
2711
2702
2509
1936
2234
5617
3821
5409
482
2022
4854
3774
2553
2686
1717
4848
5368
3173
3625
1681
432
1687
4962
2214
4163
5487
3750
5420
4028
1876
3899
2119
2907
3385
2065
3380
2854
5071
3711
5485
2723
616
4412
2774
5891
3143
5375
3775
2403
1431
3347
4931
3973
3762
5494
973
933
3870
1933
5327
3703
5294
1350
3370
4180
2657
4456
3848
2951
3459
5542
5263
4960
3130
3135
122
1287
4366
2368
3066
3334
907
4722
1132
499
2377
309
3477
1671
4898
491
4779
3863
5117
5245
2765
5002
2784
2694
3204
18
79
1753
4186
5719
1666
2588
1482
1508
5853
3485
4166
3828
528
5649
5151
4125
5967
3553
2326
4095
3573
554
3563
2032
2933
5911
4279
2367
3794
3865
2202
5137
4333
4623
4230
227
5319
2846
2720
4057
2870
2730
4903
5613
759
3921
307
2909
4891
2100
1580
1495
437
5127
4202
3654
462
1604
2674
4014
2185
5941
1251
2883
1617
442
4716
3617
5954
3621
544
5360
5483
672
2888
2772
5970
2015
3273
492
1975
4423
5607
1744
138
1381
4508
5091
4466
3855
4386
388
3366
3359
626
3534
2269
3944
115
4381
2842
4674
1397
3160
3897
3050
4285
1722
3734
1439
3169
2331
4101
2965
1857
4185
368
3868
769
458
2300
1963
4537
3457
1470
5901
4457
383
1272
5069
2062
5141
4491
550
3522
3991
3084
2656
4054
5347
1951
5726
1378
5671
4357
3382
4205
5421
5440
3431
5489
4897
3499
4873
2405
2210
4258
2161
5562
5451
3687
2859
298
90
2050
2826
2014
3841
1920
629
5413
5047
116
2092
688
1266
5287
813
5412
1366
2740
1351
522
4657
4736
4694
1738
490
920
1467
2968
289
5639
3917
1503
4346
1960
3420
3764
4929
4889
4836
4928
2706
517
3531
1307
1924
547
1140
5073
3321
4624
2149
541
3839
271
611
4130
2915
2734
1003
2440
1988
5754
782
3381
1947
4685
2778
4008
5560
1981
2323
1472
5139
4308
597
4222
1073
5643
1566
2067
741
1295
2380
2395
3859
3893
3438
1369
1721
5877
5850
3820
5228
2788
5130
1756
1790
369
4093
3407
3517
1269
3691
5902
4200
2387
262
5167
385
4293
3594
5232
5016
545
1176
3649
5295
1915
993
580
370
1441
293
4727
310
944
2211
3458
1787
2558
1916
5342
5513
2312
887
2025
332
3237
1955
376
381
5502
3599
3282
5657
4425
1861
1542
2031
3277
525
5383
1634
5621
3024
1430
3110
2136
1616
4573
5666
4385
2818
3394
2777
5472
2897
3886
3796
358
3411
2385
1959
2256
578
3948
4548
4839
3726
4056
5576
3229
1065
111
1586
4648
5100
962
244
4469
5557
2851
1072
250
1659
2141
155
5860
715
950
587
2029
2093
4868
2964
2350
856
5352
243
5187
4302
1747
5299
80
890
3138
2171
4442
1079
5800
4277
3316
260
3190
204
2200
4485
4113
3758
4398
515
143
5504
4237
3882
3806
5554
3679
1720
1183
1345
4066
2091
2144
3415
1886
1657
5210
1339
2426
2023
1607
4242
53
140
4926
5759
564
5223
3791
2325
963
2623
5730
5813
1594
4561
4123
2435
1918
2005
599
2627
2481
253
3818
1376
3133
1819
1561
2890
5196
3449
73
4407
4786
1905
2282
5469
3152
487
989
3464
1651
2575
1460
2338
4146
5254
3013
3844
1554
5806
1248
3554
2016
2749
3735
3471
4565
1112
3
5797
3510
94
4599
3314
3834
536
5133
1512
2584
2462
5021
3156
529
2281
929
4337
4351
2355
1928
5053
1519
2084
2511
5460
2958
4435
1056
2411
226
1757
1453
1811
2175
1260
1896
4249
654
4281
2070
3048
4634
625
1510
5471
1313
5854
5323
3976
5778
2276
3840
4570
5121
135
1825
1163
4955
3247
4453
3446
4660
5387
101
3323
4533
1871
2703
942
3035
5826
3928
959
588
141
2342
5702
4954
4692
4499
824
3131
5136
2790
299
2727
4208
2246
1259
918
3049
2830
5716
4055
3145
3242
1513
3234
4489
5647
2795
5505
4243
5861
3109
3395
429
354
5897
200
1429
4588
3005
4664
12
1613
5361
5353
5078
5514
2991
4913
1403
2525
695
3949
1859
4943
2678
33
927
3995
4656
2545
5827
1763
4455
2668
3042
2861
5189
1026
5330
3447
3532
421
1308
3157
4393
498
5793
5834
4917
5351
3630
2048
2280
5006
3629
4874
738
2594
2867
123
5926
2770
5366
5948
1095
4512
5574
254
1213
5250
1599
3192
3017
5463
4422
593
986
2733
2597
2366
34
5529
2271
4065
371
5314
2164
3266
2231
4311
4299
5257
162
3636
5957
5938
389
5872
641
4045
5056
1577
3481
2474
3248
2489
4147
3226
4710
3609
1469
1117
1174
828
3500
2260
1826
3071
1321
1658
265
4649
3824
4750
1669
4340
2556
1815
1677
1855
2052
3023
3450
2390
4846
4992
3614
3067
4619
5019
775
2396
787
1769
5590
3326
857
1124
4225
51
762
4306
4500
3197
5517
3761
4764
2591
199
192
896
342
5217
884
1645
4695
1423
5466
3257
3960
3125
5884
3753
3525
1740
3913
1463
3736
1173
5971
284
4496
1089
4106
4401
3232
5768
241
2107
2429
5528
5708
2827
4374
4970
3787
337
1904
3310
5075
696
3740
666
221
361
2371
2677
5282
133
2950
2302
463
4238
4783
4234
4063
3116
902
2977
4978
3176
4975
5197
1375
3509
2372
3972
5981
1250
3963
5665
418
5624
3218
743
4819
3732
5255
5411
870
5885
4167
4015
1391
2682
2471
5153
5767
3329
450
5379
448
5191
506
2459
2887
2491
4920
5372
1329
5817
3182
3260
788
853
3798
3416
553
3957
5629
4280
5396
1131
3781
4289
3721
4947
5246
5400
5890
2274
2391
468
1042
4470
2658
572
5312
3375
2653
2457
65
173
343
3236
972
4700
1575
3101
2258
124
837
1315
5798
4379
2138
3860
459
4144
4829
2903
5292
5195
5914
3946
1589
4175
4170
2957
3059
4368
982
1540
3365
5009
1724
4679
4459
4482
681
3521
1560
4121
3549
5796
1967
524
2278
225
5727
5194
5677
3312
4974
1941
3561
5105
4814
5821
4790
4979
3294
1507
435
2250
971
2714
2166
4380
1273
921
1775
3317
3492
3665
2894
3880
5363
3235
1277
644
5739
5164
403
473
5534
2307
2557
5828
2665
1100
3953
535
3723
3658
4467
3678
3792
4195
1705
2370
4697
3661
1767
2815
3747
1810
5302
1008
5345
577
1226
4465
5125
5623
136
1013
5175
1766
2726
362
1749
5131
3377
5005
3816
4705
3717
4037
2
3297
66
5300
5410
1972
3246
4191
4922
3896
219
4681
4303
1867
2900
5603
765
5252
1711
2176
5158
1603
1641
2637
5988
5126
614
2695
2020
5377
4771
5841
2321
2688
263
3286
2428
4140
3400
2253
5931
2033
2759
5522
4273
4044
2485
1639
1976
5932
829
2567
2460
2853
4372
4927
1854
663
2438
3482
4488
2973
1962
5218
1116
3515
574
1084
5085
2599
1729
3707
2693
5733
941
1511
5776
2585
2183
717
1841
4939
2608
4751
1133
2930
5838
1840
2609
4332
3581
2709
504
4494
4526
5037
3992
2434
2082
167
1422
3106
3524
2047
901
3894
1546
4673
5589
2675
4998
4197
1052
5057
1952
947
822
1533
1456
2836
4417
5110
926
4059
118
5476
5986
3900
3947
2114
4890
4567
2651
2799
3267
2060
4338
287
1559
4250
1736
3919
5547
5475
1843
185
1684
4157
5224
2369
4190
2848
4714
1038
5362
467
1312
3827
5324
4107
1057
3812
5184
4949
2982
4566
1428
5325
5256
2613
1399
5143
1002
3299
2494
1342
4177
5573
2520
5772
5843
2207
5968
2190
5815
278
3608
52
1883
790
5177
2242
2277
3009
4826
2224
1087
2446
2425
5423
181
4965
543
4752
1821
1281
4436
5138
3559
4753
251
1031
1521
3878
5286
3622
2473
3601
4462
5028
5267
1752
4966
1704
1911
3441
5978
2382
2739
4297
82
1614
1114
120
509
4472
2009
2524
2132
3373
4519
1534
2295
1483
1041
5874
559
4415
4315
3564
3360
1702
4263
1108
5344
1991
635
2527
2773
4150
1115
3931
1672
2364
2595
2926
2140
562
5943
4915
1502
5148
1293
5275
983
2996
2219
4083
1699
2914
3383
129
3876
4077
5106
5089
3432
1625
5935
815
996
4102
618
1064
905
344
1086
5118
5288
3454
689
61
5552
4515
1349
2123
5059
4969
5067
5074
2035
1964
2540
4092
4012
1382
4427
1171
2266
5333
3536
3337
4484
4183
5515
2416
1370
1783
3283
4418
150
1868
4241
4739
3184
789
5810
4516
5993
3511
1165
224
1932
4226
2464
503
1050
3073
5227
2076
4827
1804
4310
3644
2863
4165
802
3374
4112
2456
3414
4239
1006
1151
1168
1374
1473
3019
4339
1219
2262
5940
3358
2940
5447
1771
4616
1553
3527
3996
232
449
2167
4760
5760
267
1249
3674
5243
3041
486
1014
5587
2975
4275
912
3254
5425
3757
3924
1723
4867
5858
3607
803
5152
5598
3577
5054
5977
1837
4350
3825
3390
621
5350
1646
2027
2334
4841
1239
4031
5609
4830
194
961
4761
1075
372
2858
883
3984
1908
3185
2127
2676
3513
1835
3376
5253
2061
5915
5024
3830
1982
1906
5788
4224
5332
3610
4749
5441
5851
736
5346
521
795
4365
5207
2038
4629
205
863
2452
1814
2546
5013
1231
1268
4087
62
5095
1067
3442
44
4363
4278
846
291
2993
3062
3956
97
5259
2519
1297
285
1181
2163
4375
317
2317
4126
877
809
841
5001
169
128
1808
3677
5964
1335
4362
4212
348
3805
3099
814
2195
2872
4492
2717
904
2285
3902
1135
5284
5248
5382
4105
5334
2463
1028
471
2002
1386
5690
4858
2792
2838
3911
2229
5939
3161
5176
2564
2230
2122
2461
1394
424
1235
4980
288
5335
5456
4838
2937
1341
3489
3180
134
3275
636
1844
900
1779
1224
1758
5809
258
4528
414
2322
17
4018
3719
5226
5563
5048
5569
3915
2212
855
2072
296
1035
3428
497
5859
2028
2160
2108
2906
938
4802
3112
5429
1407
1205
2142
894
2901
5050
2305
2118
1531
4808
214
1155
1890
5936
669
5686
2496
5038
1694
3932
4201
714
1865
2340
4988
3983
1178
3216
393
3539
3191
2825
833
233
3391
2155
4707
2045
1289
2393
648
5896
975
2267
1107
3739
5015
4267
624
1968
4240
4725
5720
4051
4853
3793
1537
4414
4856
2628
3782
3504
4822
4520
1068
4291
3300
3424
5404
2551
4426
3052
5084
5888
5370
2641
2571
2133
4033
4996
386
5462
1161
4207
411
84
3675
456
4006
2087
928
3064
5161
3950
4020
4152
2201
1984
3700
2592
3010
713
5103
170
3662
1359
3149
5099
1715
5561
1573
2208
1786
4396
1505
4633
764
1882
5144
2745
378
3102
3570
56
4923
724
2590
1170
785
38
3134
771
2358
4671
4119
3729
531
3692
5297
2998
2351
954
2373
3694
4352
3981
2237
3040
1820
4410
234
2725
1333
1690
2004
316
899
210
2121
1076
2929
4849
324
2771
2582
571
1894
3556
3341
675
2812
4326
4757
341
1673
2602
5758
4810
3476
4870
1878
5856
1447
2899
2803
4078
2483
5474
394
390
4909
3542
206
1866
5170
1670
2502
1953
5909
1572
5711
16
4607
108
81
4527
3999
20
4940
3002
2531
3965
2560
4356
5398
3838
5717
83
3063
3800
2917
1565
4896
1978
3256
4318
949
2069
3352
484
691
2479
3258
4000
2299
6000
5718
5959
5622
2059
5081
1847
1832
1021
4347
3322
3264
2667
3908
3298
4344
1302
2793
5782
2654
1294
1331
804
4221
2800
2041
4620
3831
2007
3618
2552
2813
3008
1195
3715
2578
4
3562
2513
315
3977
2173
960
3927
3964
3920
3565
1360
3671
4987
168
4941
1535
5605
1401
1389
4887
4956
5315
5402
1619
5581
3666
3046
24
3638
1261
2624
2103
3657
502
4227
5875
5703
966
4429
4364
5533
3664
3590
5644
810
3276
1257
744
5565
678
1062
3766
2157
5752
3755
4231
5422
2934
3797
3728
2147
2386
2804
382
5180
2959
2837
2455
4391
5855
932
2559
5678
2081
1265
2458
2315
4450
1946
1145
1845
4377
2821
2581
2601
5079
2401
3615
245
1703
4204
5923
3495
3384
5973
638
4178
5785
4531
23
818
5281
3807
107
3296
4481
5268
1549
539
5349
1327
1571
2021
723
4731
2704
493
5795
668
1039
451
1629
1990
1697
602
469
868
2648
2102
100
3440
690
5991
549
357
1582
5807
5550
4017
1527
1733
1055
4209
4076
4811
683
3516
4833
2116
113
43
1973
4763
4945
1642
2572
1298
2220
1384
4399
4834
2652
5322
207
5987
2088
839
3655
14
4384
2501
2154
2254
2840
3022
1520
2539
4901
4820
292
4796
47
3468
3043
2649
5845
3350
4445
4652
1352
2018
5713
4441
190
22
5910
1774
4784
5866
2834
413
4473
1543
1818
3274
485
1253
642
4271
825
3704
1147
466
4138
1917
5241
1274
3230
4595
5904
5920
2760
2944
3575
772
4061
4071
1806
2621
2757
3210
3253
3208
3978
2533
1355
3682
1480
5448
5526
4246
1228
3470
3238
4769
3330
1434
2392
3268
3148
5376
1238
677
5436
5593
3512
2343
5715
5670
5818
2954
2987
1517
4553
1588
2046
3648
92
5211
4203
1488
1285
3883
5171
2721
697
3281
2439
1596
86
277
2681
2444
3769
5480
1622
5060
845
5188
4217
4139
4532
2753
4316
2475
1632
1202
4568
1816
3025
5873
5309
526
5696
5610
4392
6
4517
5740
5536
2729
397
3842
1514
2001
4444
259
2036
26
2476
2724
5655
4638
2272
5650
1364
2261
5950
2077
4847
1475
67
3959
940
364
552
2570
3544
4060
5290
2946
3627
2279
1750
1686
5667
4762
5651
5862
5555
280
157
4696
2849
2125
209
5042
147
5510
5092
4161
2131
420
3233
3068
3463
4156
634
1558
3998
3306
5638
4403
3709
3451
540
5298
3548
2487
3186
2478
2568
5506
704
4578
366
2586
2647
4304
1047
346
561
3466
5784
375
290
5672
2910
5545
2515
3199
3154
776
4712
720
5750
1045
2923
2620
137
3887
