647
141
741
718
766
843
369
94
260
984
23
654
371
847
988
310
401
996
859
402
941
566
208
594
51
211
853
82
991
346
300
650
215
712
52
693
581
86
443
14
869
860
349
821
220
754
27
110
633
400
146
585
522
749
149
796
901
523
912
672
385
180
412
276
644
970
824
109
181
442
994
98
7
111
686
932
390
944
557
623
535
670
717
593
200
902
599
546
299
340
221
209
450
699
100
562
2
987
464
502
240
588
202
148
845
247
831
301
866
565
218
121
126
93
554
976
489
143
466
885
916
661
65
518
228
663
66
40
151
445
679
213
507
733
825
950
641
509
619
360
187
91
333
867
812
34
102
772
281
152
142
33
571
456
732
681
819
45
929
933
492
477
957
59
931
449
569
919
150
343
462
441
8
316
4
666
622
779
29
782
865
680
820
775
762
290
350
198
620
556
844
88
892
568
513
759
474
315
396
189
497
16
830
573
341
530
500
998
217
131
925
753
77
714
22
60
731
206
9
337
531
119
101
36
298
864
231
552
935
365
261
199
696
946
547
524
803
324
237
421
63
805
872
140
960
407
482
878
376
304
197
966
78
667
624
239
610
160
342
640
241
724
96
234
914
721
312
868
223
656
708
485
302
490
997
750
377
511
393
584
652
785
285
586
327
580
493
216
184
604
344
658
982
204
287
793
264
728
274
41
432
499
108
525
388
122
828
55
567
420
907
395
367
272
550
303
784
382
637
564
956
478
355
403
318
517
89
922
296
536
413
387
737
903
158
704
268
756
555
811
621
177
822
289
806
219
468
353
251
267
470
835
451
295
617
473
381
249
270
191
430
475
30
678
12
625
501
682
423
484
154
161
54
424
612
694
628
889
978
283
292
398
891
259
99
257
634
955
928
510
692
132
309
277
689
558
592
92
31
373
888
954
883
263
602
62
877
743
136
814
174
516
981
182
1000
383
514
965
496
618
28
64
537
233
778
236
325
649
685
74
920
286
362
117
734
379
974
354
880
613
448
313
591
106
842
899
70
985
5
833
660
854
691
528
572
265
590
836
508
989
230
725
673
278
874
356
798
125
542
735
986
726
930
780
529
461
24
80
800
963
579
409
25
526
471
746
425
159
113
761
173
201
479
252
35
418
130
909
657
884
288
742
757
723
951
578
330
979
357
918
832
107
389
399
459
910
81
195
112
936
375
338
863
336
505
282
563
320
875
431
519
417
326
664
179
227
520
186
481
311
224
245
57
352
651
454
709
837
123
977
711
715
697
95
488
75
19
799
491
921
139
1
705
887
973
269
242
626
879
494
321
545
472
804
515
882
460
904
710
700
345
687
134
291
947
83
419
410
168
256
953
852
521
243
406
876
58
358
533
116
945
983
747
539
615
15
755
426
958
668
364
675
758
284
347
156
169
361
103
688
627
551
378
114
870
84
629
706
129
834
795
203
848
849
73
504
225
255
906
20
322
157
600
630
553
614
720
653
183
769
695
329
394
606
808
839
771
404
752
774
765
56
739
841
787
894
135
178
17
185
305
611
856
167
166
374
165
10
76
372
457
446
943
607
386
392
993
698
596
838
655
560
727
155
266
851
127
631
608
643
818
952
671
370
934
701
702
196
463
447
246
487
760
250
683
495
458
886
827
384
858
730
397
53
171
802
543
170
503
791
639
862
232
917
498
128
534
846
895
120
768
453
455
609
662
911
262
433
429
561
786
238
938
861
659
440
37
248
790
235
532
39
415
465
273
900
11
897
855
971
745
476
635
751
975
810
67
147
486
992
359
50
175
923
334
645
32
527
18
722
576
411
153
469
940
435
948
871
908
815
193
676
13
314
959
674
49
823
744
46
905
677
926
444
391
363
961
736
3
104
587
540
306
763
138
767
188
438
38
915
597
773
792
719
797
6
740
648
229
42
813
323
729
890
480
351
829
271
133
436
638
949
642
332
72
857
294
348
968
79
297
275
980
788
437
801
366
794
881
48
506
414
69
873
549
738
601
541
669
192
995
589
583
962
434
427
942
646
467
577
964
816
293
913
90
595
253
145
817
137
144
783
483
335
43
781
632
87
748
428
172
115
574
603
575
258
422
214
44
21
331
439
893
703
809
840
190
898
570
690
61
999
939
194
538
850
896
559
548
222
927
85
176
210
71
544
789
764
319
770
380
97
716
405
990
713
636
105
807
163
937
416
307
68
707
244
279
162
280
777
328
207
118
616
967
684
969
254
308
408
598
339
665
26
924
972
164
826
368
317
47
776
205
512
124
452
605
212
226
582
