4638
2664
4186
91
1567
2822
3390
3892
3091
505
845
1710
344
3817
1426
84
3063
4494
3900
472
2398
2180
4968
1320
277
967
278
562
4647
2701
4921
1208
559
2467
3030
2004
4235
725
1219
620
4778
4098
972
2608
706
4327
1441
1969
4711
2366
2830
4279
4392
3279
1622
3159
984
2255
4541
4659
4940
259
4763
4489
594
4490
4897
4093
4987
2807
4192
2640
2884
1247
768
2465
540
2335
4668
3512
2156
4849
2708
3574
2860
2347
889
1526
4088
1935
527
1914
2223
294
4053
2417
2195
4413
1260
3373
1246
2654
3899
1798
3355
868
4375
3847
4744
2485
2636
3632
2441
436
4798
732
4425
2511
1521
566
1672
1682
1961
1840
2722
1944
4120
3399
3675
4816
3831
2033
753
2774
1829
4956
1006
4123
1641
4687
3709
2597
2980
3292
295
4467
1661
3285
2547
23
4670
1847
920
2747
149
3470
2592
603
3113
2947
3897
475
3114
2601
4453
3584
797
4182
2248
4598
1222
1276
498
4288
895
2666
4920
3537
4733
3962
4293
1461
1275
4543
4196
1665
1621
3254
3350
2877
2445
2109
146
873
1206
148
3861
4485
1978
3670
1121
2368
2904
4524
1049
3763
1873
3941
4701
3366
4439
3084
2570
3055
1176
2292
4829
4901
4877
4919
1836
4290
1041
2716
3152
151
4388
1141
822
1519
2342
4961
2885
573
3061
4917
1272
3618
1578
1445
3724
825
4105
3569
3747
2189
765
2724
1995
195
371
4131
3582
3149
3658
341
3395
2824
3961
3352
1698
1537
3007
1323
1574
877
1760
4973
2957
3124
3642
1204
4581
2854
526
4006
4163
4660
4823
410
4321
52
1573
4864
346
651
417
269
2386
4300
2222
4349
397
2920
1892
2076
3936
2578
1403
4310
2838
1359
3782
4649
2986
456
3908
479
694
2096
2577
1962
4755
1460
3232
2369
3850
2750
2452
4246
2062
3315
4730
496
908
4830
1862
4820
3319
2681
3486
1683
3479
2814
4604
3575
2687
1174
2173
4516
2270
386
2183
4240
4014
3506
4025
1673
788
1317
3438
824
4702
2238
1114
4650
4673
687
1225
218
3322
131
3440
4393
3414
4713
4051
413
1280
2810
4259
3090
3445
899
444
4346
250
1139
606
721
3704
4018
1671
4587
4994
4505
2326
1638
242
4747
3927
773
634
204
2120
2984
2163
2509
1830
87
4013
3226
1886
2675
4205
4797
1267
1708
4117
2707
997
1370
2953
3960
625
3776
1996
543
3983
44
3101
2607
1585
2353
3031
2697
1212
3062
4010
601
3836
501
105
144
1453
3619
3873
2535
2798
2119
3045
2622
700
4164
2514
3680
2561
918
3940
3829
4757
1026
1483
2001
1507
1939
343
2215
1723
2254
3082
900
2593
2253
1852
3435
2002
4614
4036
418
370
1075
4381
3609
3469
2090
4030
2812
1110
1819
1452
1382
3923
132
4790
4395
1339
1992
4764
4284
571
4964
569
3930
4295
1972
776
30
2243
969
2179
2492
2731
2185
345
858
3183
1615
941
3888
729
1825
2519
2407
4775
1259
4629
106
1937
3552
145
3986
74
4623
3859
461
1726
1116
178
2580
3789
3272
1572
4943
3494
212
2143
511
1278
3379
3917
2589
1052
1975
3827
4003
1503
4322
3465
4789
1858
2591
4498
1446
1015
3426
1838
1865
3799
2785
552
3071
3441
3056
4287
491
1979
2136
3910
1230
1599
2887
3229
89
4872
1629
645
292
3330
4739
3371
391
3118
992
2527
1179
2629
264
1406
2978
263
4725
3409
43
3636
3260
2811
3255
949
1364
287
3844
2330
4008
1111
2965
473
2080
1152
2327
4835
1296
1297
3791
2540
4076
1354
963
2989
678
3914
3137
4784
2694
947
2413
2221
842
3341
4112
3689
108
2749
3482
3210
258
86
1722
800
447
4887
3885
1131
3357
779
3577
5000
2740
1480
3223
932
138
1714
4663
1091
4738
3089
1357
2563
3661
1226
2075
4794
2332
4683
1870
4656
950
863
1948
50
702
3895
592
3756
2388
4894
4696
3984
310
2127
183
508
385
4613
1588
2603
565
3679
1542
2487
3738
4165
4137
1582
826
1577
2098
3425
2663
3617
637
3360
4063
4745
1082
2888
2054
4544
4599
1701
1849
2976
1860
4257
42
2291
1056
1338
2321
4044
2502
4537
3028
2631
2044
747
2476
4331
4095
4116
1518
4704
4344
1164
3068
624
3868
1396
2160
4869
4097
1361
2018
1027
4114
2230
3503
912
2560
1346
736
3127
3324
4211
3935
3321
3762
387
2126
4540
523
3828
2198
3401
3363
4712
3505
1855
2688
2973
4677
1685
243
987
3758
4294
1777
3136
2333
2276
796
2656
4032
4934
587
4325
3453
4488
4815
1926
2050
3768
3334
395
1791
2265
4632
262
866
4748
1906
2258
2614
59
1251
2448
4542
1033
856
1980
4161
4996
488
982
379
2922
3449
2416
3893
2129
465
3557
3133
2155
1379
1595
1918
2240
2365
957
4625
1103
1181
275
1360
2313
2006
2450
2034
4174
3843
2455
4410
4588
3117
3192
876
70
2745
931
4132
1233
4515
1832
818
4274
2436
714
2921
2422
4157
3905
2566
1510
4661
758
452
2883
2864
4245
3224
220
4203
675
3970
3032
4028
775
2961
1593
2696
3288
3853
2782
2087
190
1903
2024
4087
4
3405
1192
919
1175
1397
722
1463
100
1194
2093
4238
546
3234
4967
3513
4269
4200
3514
3086
1455
1805
2426
2999
3639
2170
4600
2498
1186
4481
2711
33
4101
1137
4180
3457
4646
1087
4565
3833
2910
591
2402
4770
3599
4518
3016
4130
4534
3673
398
1437
2912
1242
126
4236
2848
4728
3730
887
2599
3800
3909
807
3846
2157
4082
1135
3245
12
2437
1342
4220
1034
643
2660
1989
1742
2100
3403
674
1802
2934
3606
510
929
3393
3267
1808
2030
1945
2500
3066
4451
1508
3211
793
1069
4411
1371
833
3060
2323
2673
3616
7
1625
2250
4239
92
239
3151
4867
2104
240
3676
2457
3832
2737
616
1696
4903
2031
3511
271
3010
804
3080
3691
3749
2383
4769
2014
3736
4637
3353
2915
216
531
4149
3375
4337
2674
304
2874
3468
3516
1262
3571
4523
3732
1509
1735
4107
98
2665
3820
3532
321
3231
4057
946
208
4708
4454
512
4491
337
429
3202
4191
4380
2939
2695
1465
4128
1037
2453
1288
3796
2165
2928
377
3041
4328
1062
2895
1471
2661
3911
3239
4285
1792
1356
577
1177
2829
1834
2220
1443
4991
1848
2875
1557
4911
3785
2971
3727
4805
1458
917
2188
3504
2299
4627
1404
1419
445
3276
184
2442
2788
3410
4360
3134
1529
3172
3901
4106
2908
3536
3662
1500
4935
1324
2634
3318
4104
288
4680
1299
3518
4756
3083
1991
28
2363
4928
783
4073
4289
4886
4470
3036
1098
3026
2571
1715
1270
1774
2815
998
564
3156
2739
3591
3246
4319
1639
1218
2827
3628
3787
4142
4237
3235
1044
1690
860
4302
2040
4737
4773
1965
1522
1330
3132
1223
3991
2600
4640
3568
4675
3848
3459
3408
1528
3274
342
281
441
189
3699
4497
3230
4059
2231
1893
4937
4306
2936
1942
1610
3981
4215
2043
2950
780
2497
1387
3945
1294
1854
1340
522
3338
3613
1539
40
1432
2892
3204
2771
217
2805
3240
4133
2167
276
2311
670
3313
3094
3933
2857
1388
1987
1215
3795
1699
2301
3825
782
3656
1202
583
4483
3996
3423
4372
906
305
1590
141
355
4225
2431
347
4079
1632
2117
2672
3558
1704
4364
1456
690
850
3433
4597
442
745
4665
2505
2719
1759
1022
4401
2477
478
2337
1014
666
4045
913
1094
65
3298
2515
437
2839
579
1576
4528
875
742
1472
2193
2619
2439
1362
504
2314
1257
1196
1745
140
3877
3054
4271
4062
1917
698
655
2218
4323
4616
3215
2533
3821
3682
3316
1897
1655
3743
4654
1099
4070
740
169
914
2743
3517
3588
785
3251
1513
528
689
4038
515
1812
3306
1488
4672
2039
3598
853
4510
1785
1725
649
4551
4591
3959
3052
3165
3176
767
1915
4090
760
4781
4464
2019
2510
1666
2259
4709
289
2744
735
4836
4370
3450
2091
1700
2427
752
2294
4437
1153
3614
104
2778
1454
4865
1281
3098
602
4608
1547
1662
2370
1266
3356
2472
3491
1053
1736
1998
3
4802
3282
3345
2837
39
2775
4313
20
2435
660
1601
46
1255
2382
958
1240
764
3044
827
27
3153
805
3697
3652
3563
897
3625
318
4172
870
180
1243
1587
4249
4700
4261
1828
2379
4914
3764
1875
3259
4718
1908
3430
1611
137
1112
4379
2419
3328
3920
808
588
3497
4999
1681
1144
3774
3339
2035
463
4026
4050
4610
4071
367
4433
1363
2077
412
426
911
3168
1712
4121
3203
2955
1261
2068
1058
2192
3171
2594
3990
1790
1811
4308
3519
15
4618
680
156
1221
3721
3976
2256
1481
3340
898
611
333
4742
388
3875
201
960
1598
2088
3840
4803
3605
4035
2406
2288
4574
1390
4004
68
2081
2554
3370
4034
3977
3773
682
1336
1335
73
4219
4286
4787
4115
3608
665
2209
4707
99
293
22
2251
1645
1636
1347
1286
1932
125
778
4126
3870
1485
4818
4007
1088
2475
4367
1277
428
3144
570
750
4329
1869
3793
2199
1146
2428
2049
1150
2808
4197
3212
777
2172
4213
4936
118
2657
1771
435
362
2529
1318
4256
3346
2932
3812
4900
4068
3187
4251
1916
1967
4896
37
109
2380
185
36
4423
686
2844
3889
3043
374
2890
81
2528
4767
4330
1984
2907
101
598
1642
2709
3462
1316
2282
4011
1776
881
3162
2322
4448
2969
2021
4726
4072
3951
2937
3700
3131
174
4839
1971
3349
232
3201
1023
1039
3147
4703
406
1994
915
41
2142
114
2833
968
2691
1874
4041
4564
3953
3293
4169
3902
704
1263
224
1365
1040
2756
4387
648
3814
2930
3307
4231
3329
1550
3759
300
2197
1527
2534
2584
160
205
4915
1473
3286
1496
3826
1667
3135
3535
754
1580
1108
738
943
2092
3753
4083
4874
3864
1258
3860
4461
2508
486
1497
2405
2641
3612
2174
2576
2569
3966
3490
4486
1405
1092
4084
1801
1999
3347
3064
582
1491
455
2235
4243
4807
4292
497
2341
4429
2424
4949
1096
1544
2585
4368
3979
2
2676
1694
2005
3092
815
2557
4513
2008
2963
1751
3364
4526
191
154
480
3533
2216
3388
4234
2296
3806
3121
3932
3648
2057
964
1095
1380
3993
2469
2493
3205
2859
251
3735
3723
3851
1876
4601
2308
4993
2721
4636
1020
3813
4247
4216
2755
4966
1478
4664
693
1977
1239
492
1765
4382
3548
4403
2348
1386
280
553
1841
1351
1707
4139
2834
1479
1880
3653
1429
2020
1332
317
890
235
2325
2642
2781
3765
2105
2234
1086
1859
3995
1552
3540
4029
4309
4080
935
4181
657
2010
4092
460
3622
4765
3863
2845
4889
885
3382
3710
550
3126
2770
909
4947
4512
79
4424
2760
3252
4402
2360
2124
2868
356
1985
4359
2468
4263
2940
237
2924
1560
3386
4514
3242
3596
1244
1584
4786
443
3572
3011
214
1563
937
336
4438
3570
1816
4232
4351
4666
4752
2403
4724
1928
4033
4499
246
4751
633
134
1290
1310
3725
2861
2349
29
2991
2513
3737
2481
3654
3253
171
4069
2262
2190
1381
2263
223
2003
1182
3742
2568
1398
2792
1660
164
4706
2616
4244
4697
1729
230
2113
4779
3521
762
1719
3416
2710
4944
1911
644
2856
464
1936
517
2339
3109
1126
4653
2548
3890
3197
1160
4998
609
404
3526
1344
4406
4834
4207
4047
837
4977
846
2410
3484
1105
2064
2036
4519
642
979
4228
1738
2702
3921
1210
1193
3050
3053
4206
4339
1273
4570
1279
857
835
2793
821
3651
1054
2521
3037
930
2393
150
1986
851
893
430
1345
416
1292
2491
1958
4043
3104
3476
681
2680
896
1414
3509
3448
2495
1466
1594
3788
2432
3529
3604
274
1284
701
3621
2942
4250
2286
1301
4793
1375
4530
3123
268
2316
1293
4727
803
659
4942
2269
3411
904
4304
4347
3222
4715
1211
2007
2319
1899
4475
136
2378
879
3595
4593
4607
910
3856
1618
2421
4575
128
2668
4960
4582
3368
2894
2116
1608
4561
2662
3085
143
2679
1408
4502
4315
1974
4262
3830
761
3645
2320
994
1689
2037
3261
3496
3600
1772
2784
1733
1786
1368
469
1597
4476
4473
3087
2315
2065
1378
2504
231
4563
2089
1775
3867
71
615
1885
313
1059
2625
1183
3811
2029
965
120
2486
1118
2433
1927
902
1401
3389
1556
2458
2440
57
1072
1207
1395
1758
668
2959
2553
4592
3046
3752
1127
1428
820
2023
4774
2451
3627
1609
4342
1743
4645
2364
4554
3184
369
1055
3406
4609
727
1076
524
4974
1837
2605
4291
1619
1602
3194
3655
96
4810
1468
1271
4873
334
1489
3268
4255
1520
165
2169
3810
977
2071
1061
4009
679
1813
671
133
1839
1322
759
2297
3140
1687
2800
329
1482
3896
4788
3455
270
3263
2293
352
4183
927
4827
2736
575
1731
2298
4312
3233
1878
2055
556
4583
1933
4077
4462
578
3971
279
2671
600
2196
1568
4576
673
1470
2079
1551
2651
970
4970
2899
2266
4444
2376
3852
3418
2027
181
2880
158
432
75
396
2219
3311
1863
3683
3611
2151
3217
646
53
2559
4509
3367
2496
139
2962
2714
2886
1295
3858
513
3805
1658
4355
2494
466
2905
2780
1548
3047
3042
4171
1248
2103
1011
4145
1348
1245
1596
2586
4102
3300
3108
3289
3413
4559
2374
2734
2067
1951
631
4175
2048
2307
1438
2776
3022
1764
1659
10
316
4058
3647
285
2742
1505
1374
4188
3498
3207
1721
604
1827
78
2099
1306
62
3466
3855
2284
3999
4580
854
2367
2901
3794
3550
3510
233
3299
1884
1102
1664
221
2595
2683
3992
712
4455
1941
1125
4252
4750
3989
3112
2996
2471
3589
2541
1431
3225
3437
1457
3760
647
4589
3216
548
1769
3493
3770
4078
4527
4170
2278
1494
535
211
2929
3158
1744
1651
3545
3678
3362
942
2768
421
3973
420
4892
883
4922
330
728
1586
2685
1205
54
4407
3818
2723
1907
3707
1930
532
4482
1814
4568
1924
3761
1156
3154
3952
635
366
1328
658
4693
2944
4853
2538
744
1201
730
2011
2624
302
4296
1337
4952
748
1024
2331
3798
4226
2391
4633
3974
31
4571
3865
2454
3256
298
3638
1417
3745
2730
2522
2309
1740
193
4938
1268
2135
3801
3460
1789
3067
2358
1416
3666
663
3001
4641
1684
3515
1883
3560
884
3926
4782
4471
4054
2279
3566
2752
306
4969
199
2733
2022
3125
1818
3937
4545
4208
3236
453
981
2816
3461
4091
1117
3907
3729
4888
2906
2274
2997
2480
4061
4110
2693
1172
4986
2617
2212
2115
718
4573
2394
3906
3733
2574
2200
3988
3221
76
3301
4858
48
4209
1713
266
1436
3021
61
617
530
381
2084
1627
1643
2085
1806
3078
2918
3481
2520
533
4027
1963
3378
3720
1492
3257
1922
2463
4548
4979
3702
707
3161
198
1253
3686
1913
2762
4503
2652
1782
1524
2682
248
1343
63
4975
1367
3302
2759
3383
3878
4280
4854
1534
4005
4861
2590
2891
1960
2334
3335
194
4585
2621
3492
4912
4040
3835
3530
4945
3531
500
3297
2302
1728
4391
3458
170
4446
1856
1592
4918
4825
2952
4577
2213
1012
2118
2582
1032
3779
1325
4369
1412
1570
166
2777
716
2650
955
3956
1794
1035
4951
3436
1377
3119
928
4644
3922
3398
695
1589
1300
3562
4012
4222
961
4283
2958
990
3122
4533
4478
3280
2205
11
2516
3883
4064
1066
2290
1850
2588
4445
1904
4890
4771
1138
1809
1604
1029
1656
2543
1600
4048
1956
1089
4314
353
188
2420
3975
1545
4628
3422
1178
2967
1220
1831
1147
1333
4465
4151
1506
4595
705
3698
4469
2715
4463
2573
1321
1227
3331
4373
1180
3120
3150
4155
4902
383
4415
1843
2949
4273
1241
4558
3633
1686
2017
2761
3059
4443
924
4398
82
2831
3551
3882
3116
3739
4624
4335
350
991
4517
2466
3634
1844
3507
3687
4689
715
4817
4412
2871
1711
4617
3407
47
3543
1235
4194
3432
4611
459
439
1737
3387
303
3576
3304
3554
2718
3924
1433
4016
4265
1946
3542
4148
3354
916
1216
4358
2606
1810
1435
4024
4460
69
901
1894
4441
3784
983
3305
4334
2678
3475
2852
4985
4804
3615
3946
1515
2832
3128
4396
3982
1228
1796
440
2287
724
1783
4113
3019
632
458
3155
3772
2097
4223
1265
2644
2977
1163
4821
3925
431
1187
4484
4930
2727
4504
4791
882
2390
1804
1190
1019
1203
2669
4881
864
1145
3534
1654
3074
2581
502
944
4535
3717
72
4449
3891
122
1747
1264
4831
2549
3938
4341
24
2951
1410
253
3839
4855
4603
4348
3214
490
1409
720
3663
1842
115
789
2738
3295
4978
4926
401
2902
980
1770
3208
3567
3317
4422
4740
2203
4214
474
1553
162
2355
1407
2506
4474
1925
1677
4567
3072
1120
4340
2042
2026
621
3495
4753
652
2162
4780
1393
3635
4276
2207
3741
1369
3623
358
4479
4719
380
1857
2357
1976
4147
3428
1605
3838
4714
4143
2139
1773
3417
2141
3500
3163
4065
4880
518
2351
626
58
2210
3258
4317
471
4275
2083
3173
1430
1097
814
3343
4241
315
3590
525
4824
3715
3783
2204
4556
3336
3095
3017
4716
4254
2795
1400
1234
449
1533
3586
844
3013
2145
415
1512
3189
4365
4357
3167
83
4562
1724
3978
3894
921
2171
2615
810
630
3040
2842
2211
1670
4612
1591
2684
2285
2464
3096
3160
1450
2112
3886
2063
3603
2305
1021
590
2418
1864
3527
667
234
1644
2444
3713
124
2111
4140
4676
4578
3434
1754
623
971
2012
3291
4015
2670
2735
291
2943
2523
4316
2820
4386
2772
3008
4690
450
677
2751
696
4021
2328
4187
482
4809
2166
2766
1606
784
1447
4959
1846
2430
1779
2345
3626
3075
878
3312
2847
907
3834
4361
2627
3115
2869
434
3916
485
4466
3719
3660
4023
4671
88
4039
4630
378
4522
3964
801
4883
3473
2094
986
4648
4783
799
1151
4096
1133
290
3734
1448
4634
4741
227
1835
3555
4384
3667
373
4371
2501
4846
1692
1289
2399
163
1824
4898
4184
934
2914
153
1028
3209
4052
16
2853
1954
4242
2945
493
734
4992
2214
3099
3949
3857
2517
4743
2765
2610
3170
1755
3757
1730
32
1955
257
534
3467
2159
2273
470
4144
2277
392
4847
1090
64
2653
2140
4796
1078
1877
4721
4299
627
1009
3269
4124
1657
3400
2926
4932
1640
3415
4906
155
936
2960
4000
1940
1383
2544
4622
3385
3337
3943
4776
871
1756
325
4837
2954
1017
3547
2275
1889
1106
3501
4983
3464
4119
2344
331
3777
2732
703
2729
4734
584
1668
4233
999
67
3968
1170
4910
3381
791
1887
4501
4916
2659
382
312
1070
1303
1872
1073
2823
1881
2202
4536
3359
1016
1451
2239
1663
4017
3069
717
393
3797
3671
710
859
1499
408
2226
2177
4138
4037
4442
4229
4067
4202
1581
1571
2102
3690
14
35
3412
1607
2459
1312
3294
3029
945
3565
2460
66
1249
2913
2876
995
2423
629
3643
2401
2133
1373
3957
3025
503
599
1697
1376
638
4596
2789
3703
2970
2779
1973
2941
1617
4736
1543
2300
384
1418
4305
3746
2542
4852
349
1647
572
172
1652
3376
1319
2352
1068
2994
4450
241
1799
368
2655
790
3681
2429
4631
19
2446
4754
4792
4795
4383
1005
3913
755
749
1757
1487
2070
554
3610
157
2539
4162
2138
933
1046
653
2698
3033
1705
4722
1165
2350
4152
4056
3780
2836
1620
1650
3079
4326
433
80
2066
3250
4662
1282
4074
3000
2840
255
389
2392
1287
3694
1283
1749
414
4400
1653
2194
3790
2948
1530
2863
3489
1166
2843
1018
2232
107
3631
4307
1057
3456
3247
3879
177
286
3815
2825
938
113
2438
823
4122
1256
1199
3472
940
3523
1833
2893
2164
978
4150
142
1307
3065
2224
2748
90
2272
3182
1402
2923
830
699
2016
4385
2992
4248
1423
1421
839
2956
3130
2082
202
1115
3640
254
2310
390
2449
3744
1564
2106
4895
2562
2803
2998
2389
1900
3323
3186
314
2558
2712
77
993
1815
1540
4822
669
1555
1741
3264
585
4118
2073
4531
2434
3365
4832
4356
147
2866
3866
3110
2757
3358
173
1762
1635
4456
1366
2609
1688
1050
4049
1132
3244
1949
3499
1001
3538
2304
284
4958
4602
2144
4923
3070
3748
103
1185
3775
3541
2158
4303
3980
2359
2289
831
4850
1896
781
2935
1732
2281
3665
802
3073
2786
1476
462
2612
376
838
203
561
4759
1616
4492
3048
1912
483
1678
1298
2056
2806
1717
1304
1209
795
923
1957
3296
2147
1679
95
1083
4812
2356
3564
2794
2658
1549
1851
448
2898
247
3871
1331
2187
4136
828
1000
1784
309
3731
3672
1559
3443
3750
3677
1250
2555
3987
3326
307
3303
2855
2131
4389
1845
1197
4204
4948
1030
2649
1025
733
4925
4681
4692
299
425
4878
4146
3270
2244
2637
3881
2790
542
2295
539
855
3771
1155
361
948
4081
2038
1200
509
2551
38
1868
2817
3842
419
2408
1424
3792
1031
2478
2801
4179
2069
2938
1413
2638
4651
538
4390
4990
3998
1516
3077
1495
1504
1909
551
2975
1064
394
1695
4338
1982
3674
2146
951
772
1238
215
661
4405
1074
400
2531
222
1778
4579
3241
1901
4457
813
2753
97
1746
536
326
2689
403
610
2474
2626
4667
56
4777
1484
4732
537
1353
1291
1252
4363
3740
888
2746
4378
3520
3601
4685
3200
2635
595
3020
4904
4955
1232
3006
5
1879
1532
3018
3344
4418
676
3967
2700
2051
3483
4020
2564
4100
213
4431
1964
51
1630
311
1493
1420
4619
2336
4806
4193
4108
1750
2878
200
1525
4594
4270
296
1624
4173
4281
4217
3034
4167
45
2648
2983
1988
1100
691
2602
1085
3809
1167
468
3265
672
2896
1920
4002
228
2059
4957
1003
2858
3874
4210
4679
4480
411
2101
1392
4376
4434
2257
812
4190
819
3320
922
2536
1766
1895
1919
4353
3175
1890
2201
399
756
1065
4419
976
402
1399
1051
2526
1154
723
4642
1517
2849
424
182
1648
549
2137
2850
787
1538
1676
2125
1140
4125
560
641
1817
3325
3659
2632
3592
3248
4267
60
4089
135
751
1124
1541
3819
3249
774
4452
2972
1308
3583
619
4905
1891
2773
2047
186
2324
3191
3524
260
3778
159
2572
4615
3088
2318
3578
196
2686
4566
4019
2620
3705
2058
1511
4227
586
2881
3884
2354
3035
4699
4758
4127
3281
187
2409
2375
4135
985
1807
2819
4762
1569
3646
1195
1352
1159
3485
4899
4085
1558
867
872
2338
4268
4800
4201
489
273
4168
4606
3581
3463
4493
4404
2384
829
3076
2703
2233
2361
2149
34
2699
2799
3105
4884
3396
4749
4525
614
4218
2130
249
2161
4927
4735
1394
2268
4710
322
2346
3206
4885
2758
628
862
1122
2053
4954
409
4870
2121
2503
2917
3157
852
989
1579
4682
2381
2411
3755
93
1910
3361
1158
1048
4345
4939
3310
1929
2841
4860
2946
4496
4684
4698
3767
4552
4426
192
3708
3918
332
4799
2818
3684
3972
1603
1923
2882
507
2931
261
843
2507
2982
952
6
127
1311
4840
4678
1254
4031
1853
832
2271
4843
4055
1803
1637
794
4766
340
3107
874
1077
3693
975
3669
3005
2261
567
3944
1425
3919
2911
2074
2604
1081
265
3802
3845
3447
4686
1763
1355
1703
1612
1727
3947
2809
1583
484
2252
2134
2191
363
618
1554
3854
2846
1566
1269
894
2787
94
4652
2041
2470
49
4366
3271
2122
1866
612
3332
3142
3556
2015
3602
4532
741
3014
4198
1440
4688
4397
3213
4941
589
2862
2704
2919
3478
3004
1143
2267
939
4487
2414
3446
4691
3277
2362
840
1546
4377
4813
2764
1071
1104
1680
1358
3431
2489
3876
1739
709
1101
2879
3143
2639
1123
121
4430
817
327
880
4909
2968
4520
3593
4374
3103
335
1080
3199
2909
3377
3266
711
4272
1008
4658
2499
2791
3939
1119
2889
2217
1938
3688
3786
1800
683
4539
903
2178
3477
3903
2447
1415
514
2415
4195
3452
770
4819
3471
563
3722
324
3872
111
1669
3716
2150
3394
596
4871
3023
3553
4447
3219
1968
4343
3024
4694
622
2208
1045
1063
3342
2903
4814
2462
4723
1314
2804
1531
2821
1748
3751
2565
2312
446
656
4178
3539
3237
18
966
2247
2813
506
2456
1149
4913
4417
3862
2025
3712
974
1628
1501
2343
2993
2596
1411
865
2575
1422
869
3275
3348
407
3692
4971
4962
3587
3439
1709
2916
1327
2897
1384
477
1826
4893
3488
2182
2763
1042
757
55
1693
2072
2061
3106
1007
847
3039
4590
2518
4674
3309
2550
3049
2176
2552
4976
1523
4761
1214
4141
4394
1236
4695
3454
3038
4352
4863
2108
3451
4908
3188
2726
3649
1734
176
2692
4785
4657
2132
1341
4158
2373
2260
697
272
3164
3308
1109
3624
581
2613
3549
1633
4432
3444
2395
2628
4160
2114
816
2249
339
1459
102
636
4436
2706
3657
4833
547
4435
1113
766
848
3963
2443
1902
2990
2865
1142
8
3027
2611
2242
320
4264
219
3442
568
739
4620
4153
861
2851
2587
364
4891
2241
4997
21
3228
3929
3290
2769
238
112
2532
236
2525
25
2512
1536
726
4856
2306
1575
1823
3726
1350
1565
4907
9
476
3766
3057
1162
3146
3178
836
4230
323
1464
3607
207
685
3695
769
4549
4458
4333
372
4500
4875
2870
4655
4838
4868
891
2317
495
4399
116
4768
3327
4324
1477
226
692
4586
1626
129
1486
4414
2667
454
1981
4746
4177
3429
1888
3803
4639
3637
2974
1535
4086
1990
4931
1391
4354
1067
4176
959
2873
481
2583
3129
1950
3644
1189
4924
2400
1188
988
4297
3579
2000
438
2796
1752
4409
4946
664
3969
4560
4278
3823
2900
2725
4258
2175
719
3954
1173
1898
2237
3934
1010
229
359
1442
2377
4980
529
2545
2826
3728
1449
2728
308
2633
4420
3985
2387
2872
545
2483
2767
1561
4318
4572
3351
1474
2828
3711
2802
1148
4731
3391
688
593
2556
4845
763
2645
1787
4876
1
117
4042
3474
662
3706
3003
2264
3081
1562
2754
3190
786
574
639
365
1623
4984
4929
2052
2530
555
3887
4408
2028
4362
2797
2184
360
4185
2228
580
26
2690
4022
1613
4134
197
1788
1038
3419
1475
2152
1502
351
4507
2867
792
423
3380
1761
1326
2473
1634
4301
4282
3502
1217
405
925
2647
3807
3620
4159
3420
4221
4156
1462
457
557
3573
2303
1161
2927
3374
4311
4550
4477
4060
4720
4416
1706
3525
2060
3177
2835
4760
1315
4459
3641
2479
4277
2713
2717
3769
2567
4988
1231
2225
1649
4109
1013
544
4111
4421
1093
3480
4811
4099
746
3392
2128
2372
1134
1882
1129
1043
2995
4350
2579
1334
4972
962
2385
1767
2009
3166
4336
283
256
4643
1490
4538
4635
605
4882
954
1959
3822
4066
1820
4154
3198
743
2245
3808
282
3546
1793
4669
3718
1130
2153
2148
708
4981
2110
3869
301
267
348
1305
608
1702
2618
613
3180
3630
3273
2107
1439
3714
2987
1191
1168
3100
4547
2925
2623
1921
2396
4555
2677
2404
3009
2283
2705
892
1372
1821
2168
811
4621
3816
3220
3701
3181
1107
1675
3314
4428
1434
2154
2123
1720
1947
4495
4772
1237
3597
576
3931
328
1867
4253
3950
3058
1309
806
2461
2524
996
2236
179
1953
3218
4995
684
209
2933
3508
3629
2546
357
3915
2783
130
3580
2537
2425
2086
713
521
1970
85
2482
1002
4953
3880
3148
3965
2181
2032
1905
956
2186
375
3421
3102
2985
4848
4965
1498
451
640
4626
4605
4332
4844
4506
2646
3138
1674
4933
2490
3849
2630
1631
3051
3837
4427
3522
3804
1646
2643
3141
558
3912
3559
225
2227
1861
3942
2488
1983
1795
354
1952
252
3283
4298
4440
4075
3664
3841
1385
4801
3928
1871
3754
1614
1718
1716
3278
1822
1966
1047
4950
4266
2964
607
3227
3594
3196
4729
3287
3372
4212
3193
17
2013
3997
3262
4584
4557
1229
210
4705
3369
1427
1184
4808
841
2484
4828
1171
3284
654
3994
1934
1136
4103
3179
519
167
4320
3424
4841
206
13
798
422
319
2720
1004
3243
541
905
2981
3487
973
3402
4866
3904
4879
1444
3824
3948
4224
3898
4553
4129
3238
516
4862
2246
731
1084
3528
427
4189
3427
3139
3958
1469
3781
3012
4468
3174
520
487
834
2045
3002
809
1198
3111
3333
110
1060
2095
2340
1781
467
2046
3668
849
4508
1079
4001
597
4521
4529
3685
1691
4260
244
3169
119
4094
1213
1169
1329
245
3397
499
4199
4826
175
4546
1302
3404
2966
3955
2329
953
4982
4857
123
152
2280
1224
161
1931
2397
2229
4717
1768
1036
2371
650
4569
3015
4166
2979
926
1157
1943
2078
3185
3145
494
771
4842
4859
3195
4046
4472
3585
2598
1797
737
3544
2988
1467
1993
3650
168
1128
2412
1514
2206
4963
2741
1389
1780
3696
1349
886
3097
1274
1753
3561
1285
1313
3093
4989
4511
297
338
3384
1997
4851
