2249
111
1075
1376
1131
2336
2086
1927
2937
512
2913
2931
359
2728
971
593
264
2386
1734
2949
2763
817
913
1777
1533
1297
693
479
1418
2121
1292
353
2855
2796
843
2436
1697
823
648
2346
684
256
1170
773
2454
402
1005
898
2883
1449
1169
304
2500
782
1522
2815
1702
1208
2725
2029
1480
2223
1360
2910
744
2289
89
2018
703
262
1020
1606
987
2227
1904
249
637
293
2534
448
1807
638
2940
2208
1328
428
2901
146
2591
1527
2833
138
2261
539
597
1899
1102
1436
1218
2239
617
916
1820
1519
2631
485
1233
1823
2571
376
219
1943
1502
75
2064
486
1830
1887
1694
652
2527
1190
2879
165
337
2914
1276
202
1646
419
1443
1688
1837
441
356
2738
1926
1243
2010
2047
2841
299
1025
2189
2622
1272
173
2782
2516
968
412
1757
2045
904
1189
2898
1699
2467
156
2313
1898
247
679
1201
7
2712
308
2494
901
934
1748
254
1134
2663
1130
1600
2739
1941
802
1515
190
2639
1167
1136
1536
2356
1507
1539
1236
2337
2690
1001
2908
983
2922
1900
974
2510
43
1993
1732
1244
158
1214
2635
1570
615
2344
2281
1325
63
1012
1540
1652
622
2735
2909
534
1058
362
1355
1764
450
2224
1319
96
1451
1554
705
1113
2813
600
100
2023
582
1311
829
2674
824
1670
1223
1513
2394
2792
2726
1841
1438
1019
571
2290
1906
1693
1482
2651
2125
882
1945
725
626
999
1665
2872
868
1594
663
104
73
162
2368
517
2030
187
2081
2282
77
2852
1640
79
1793
399
567
2928
1523
1240
694
160
2529
618
945
2190
892
1397
2140
1994
2921
613
125
2701
2592
32
2918
727
1562
2420
1470
2564
1937
647
45
2659
1349
2322
107
326
2382
123
212
695
698
639
2776
2580
83
830
2614
2329
2094
871
2458
1085
1995
982
838
346
1042
1008
1386
963
1263
925
1717
2383
456
1667
2002
171
2376
1803
980
1816
1343
1532
2787
175
70
127
1565
1082
1770
973
1601
85
528
2449
218
2304
813
969
1110
2962
2160
345
899
811
501
1330
427
2295
1464
1307
1754
195
2431
2819
2576
1534
592
511
332
1457
2703
2875
1454
1624
150
1462
1931
752
54
2233
1512
2439
57
2765
1998
2400
620
979
2407
1338
201
4
2231
2228
1547
2105
207
343
2129
1808
1968
1739
2159
2755
986
2638
795
1125
2956
2934
1316
1048
2842
728
529
65
2455
1337
2888
2804
1696
374
1615
1915
1064
2520
2938
255
570
1767
314
217
126
71
1525
2017
2809
2318
2360
536
861
1285
2670
159
2037
696
2531
2275
215
975
621
1341
595
2412
2238
2517
628
2169
2131
2748
2769
66
2354
2136
810
2175
994
831
816
2262
2561
889
2306
188
1306
61
1045
2425
1905
919
67
1992
37
1558
1983
957
1869
1368
1364
1199
768
523
2951
1062
1078
2055
451
347
2501
526
2293
1410
2508
676
1723
920
1560
189
2111
2967
1783
2362
1828
245
2174
885
1579
2939
2278
1632
1959
1825
863
487
1838
1712
865
2923
313
42
1705
2647
1835
2072
144
1088
151
2623
1426
1195
1854
130
2594
616
2648
1885
766
90
1424
2247
197
303
1596
818
1245
926
1834
168
604
453
2899
1602
2057
466
1359
844
35
2722
2370
2505
266
30
2168
2478
1160
1891
2996
457
1093
2365
142
1571
1133
500
803
981
2590
1897
911
1563
1302
2730
1303
2423
2014
2197
1671
365
379
1041
1955
1799
499
2230
576
2392
490
1855
1543
720
837
1493
342
2274
2298
1011
821
1511
1026
2570
355
742
519
2427
1006
483
2689
185
1609
1007
677
2835
177
1813
443
2506
1403
2327
507
685
2957
474
1738
1146
108
2083
1352
1948
2194
2723
2209
458
2006
213
1459
216
1120
1681
1446
1232
515
1829
384
2943
674
2994
1261
9
1603
2625
1627
2339
2754
927
2433
2969
1638
2721
881
2288
954
910
1329
1501
1747
469
1324
1476
2523
896
1541
381
866
1157
120
1811
1832
1687
2806
1139
1027
2069
1911
1684
2970
237
418
1326
1408
371
2634
1049
961
1863
44
1979
770
2127
1395
1018
2272
397
1224
2264
1605
1230
1892
594
787
2374
1963
2385
2964
2491
2235
1342
1444
2894
424
921
413
2741
778
1960
368
2192
2761
2216
183
2450
1175
2669
1379
967
732
2893
1531
327
2832
1691
464
1514
706
174
612
1925
259
1217
826
388
1631
20
793
382
2416
721
1859
2265
1676
2361
2503
2470
1498
1357
2774
1530
2538
148
503
891
1123
2984
513
2708
1585
2203
2499
2182
239
1755
1447
1228
383
2158
1161
1137
1283
1471
417
1708
2273
1473
2977
2099
1091
17
2904
1745
581
1971
2300
370
1344
1248
1390
154
2307
1166
1768
1135
2790
1555
1591
1789
2568
776
1159
955
2000
2628
137
2667
267
200
460
1184
1506
2509
2715
1036
3
2257
2138
2034
1333
1194
64
1879
2624
599
2311
550
777
438
2825
2866
2811
2199
2713
2151
1363
389
553
1878
668
2596
2603
409
1162
1912
2555
46
1651
1398
2535
1411
2474
2488
238
2441
141
2553
1242
1076
1461
2750
630
489
1772
33
124
55
2605
2584
118
2076
1117
1761
225
2489
1549
2601
2487
632
2226
1372
2316
1861
2005
1377
2986
488
2319
1713
2976
2188
580
473
2626
1484
1946
2518
614
2871
1099
1312
2061
2148
1192
1250
1617
1266
289
509
2493
38
373
522
1423
110
2446
421
1497
1980
2512
774
1509
350
1864
1072
2244
1592
2643
1105
2079
2071
2309
2662
1526
1381
636
1805
1505
2351
2107
1836
1083
1191
2490
320
686
2504
1784
2546
690
2864
1901
1661
914
1156
2358
2372
2820
2644
608
2714
786
2862
2781
1703
743
1664
2965
2993
1975
1751
1400
1023
2320
2411
962
1299
724
1690
2783
2886
226
1750
2448
1483
1614
1037
799
2814
2410
2947
2798
2161
2878
161
719
2709
2024
946
2039
1335
734
2413
1101
2134
2633
1756
1278
1388
235
1792
2522
275
2999
741
2987
1061
1158
1094
2051
1340
1321
923
1765
390
1623
178
771
1826
1353
1431
1794
2204
603
2588
2764
272
2070
2554
2179
763
870
812
505
2803
60
47
990
2953
2103
827
860
2683
1265
2472
2540
2479
319
928
2694
1365
2196
2869
1017
2880
1760
101
1407
1374
2269
510
1164
2737
2170
1766
797
1847
69
1778
2132
360
1876
2442
562
1779
467
1375
1132
2925
2166
2430
2396
1611
1860
964
745
2085
393
263
1252
1659
1468
2314
2653
2305
2720
2935
2451
1119
667
2200
2751
19
1528
3000
1348
1196
644
1795
2399
2325
1914
323
2641
2692
2927
2696
1865
785
997
182
48
2770
1518
2177
2341
2256
76
2497
970
2063
2419
2398
2848
1187
2907
1875
364
2026
2985
2323
2942
2352
273
2595
1785
701
735
1128
2041
2873
1227
972
2068
2310
270
869
1171
334
1090
339
851
2254
1022
1450
1021
1956
1827
2941
1003
78
726
2297
2824
1361
2944
2149
2548
180
463
1683
1656
1907
2198
1373
2486
34
688
1202
1844
2187
2654
2367
1490
977
1387
1378
1988
2729
2459
1145
1781
2096
2028
998
1763
841
1920
2453
1557
1151
13
2890
372
1077
296
1921
1346
317
2120
739
2933
2971
2112
2742
1203
369
1267
2902
1812
541
1425
1155
2185
859
546
2838
939
2615
527
2795
2988
1843
1978
2757
2135
2850
654
1491
2845
996
733
2379
2857
2816
95
1806
2948
2656
122
1469
280
2891
783
330
465
1499
1385
1205
1986
902
2789
2830
1647
995
665
1080
656
2572
2218
257
439
2779
1210
641
400
99
1448
2476
740
2388
2353
645
2465
1645
1152
434
525
1367
2691
2101
2414
2756
1257
2236
426
408
97
1567
1677
1886
670
2666
1293
2636
1209
232
887
1895
1639
2195
504
2749
341
2058
1370
1474
396
2586
1635
1625
114
1724
1421
1800
1939
2932
2607
2267
2137
2983
2408
1999
2255
163
2903
1771
1524
233
1965
2743
1031
2693
520
1731
1877
2019
2287
28
2896
1674
836
336
394
2810
2328
1612
2585
1610
302
2786
2464
1952
1393
2801
1313
181
2760
602
748
2915
1114
1972
1721
1142
440
1460
2552
587
1246
166
746
1044
121
1839
23
274
1722
1622
1976
2799
2727
1440
642
2114
2259
1050
2217
1000
1222
2207
425
658
1729
2150
1428
1371
2152
2461
873
2434
2817
194
1129
2759
2364
2406
1616
736
2284
1568
230
2740
328
1529
1033
2496
563
1958
186
2035
1279
285
788
672
2042
2990
1098
358
1249
251
708
2975
2186
789
1069
2122
415
312
2091
1871
2324
918
86
790
624
2260
102
1212
1197
301
625
1380
2686
1642
1280
872
2700
25
1918
2541
1692
2632
423
1478
2405
2794
496
2658
444
2870
2929
1934
2673
1059
331
564
1314
731
1503
2142
2469
1391
354
2558
2248
2629
1198
1626
1419
2162
2930
1581
1552
1867
2630
392
1749
2084
1016
1274
1698
2038
578
277
2050
2973
2460
164
875
2777
649
1308
1445
15
1924
664
2807
1165
2719
2369
2389
947
268
1256
1087
2767
1987
1733
243
1953
1177
2104
167
2502
1666
387
2205
1578
560
1231
2234
2334
992
2485
2773
2849
2560
1122
2919
808
2377
2960
2911
2359
1345
2687
1415
607
828
2276
669
1258
2471
730
692
282
2156
2851
1758
2602
2678
198
1650
1259
2745
149
2705
1736
498
2164
1741
2302
2180
68
2526
2589
276
1282
2397
2462
93
2044
2587
209
780
1107
1510
1587
1969
184
1788
2839
2308
2697
1369
930
306
2559
2480
2511
88
2118
1675
660
1996
2788
2183
27
906
1569
2507
2056
809
1409
2544
2936
482
278
2675
231
900
757
2123
2954
310
700
1350
2483
2021
1422
605
1416
1456
1857
471
1366
2549
1066
1295
1938
584
2710
2181
2213
1494
1710
476
309
2578
1298
39
2067
729
2844
2952
988
781
2876
1961
764
2791
2874
678
222
2645
1853
5
1982
1538
1727
1262
2959
2429
815
2640
363
2618
2060
2452
596
84
518
1804
1264
2001
351
845
1572
772
1254
779
2702
601
2225
1489
2744
932
157
1124
1301
1488
405
2567
804
191
80
1981
2202
2422
2680
2747
338
805
433
1354
1432
2837
2404
1178
2877
2321
1888
1774
1185
1917
1270
796
555
2317
2393
611
583
2573
1206
2695
2342
1716
1500
1402
2979
1840
1453
1174
322
1798
2095
2206
1284
2285
2660
143
2220
1709
2532
1815
2252
1054
2250
1682
62
2812
1546
1845
1962
2863
2271
1718
2280
907
2543
2682
1580
1154
1583
2268
1802
1322
2847
2885
447
643
2563
697
461
2403
2802
575
1466
106
468
709
1929
1163
1336
1332
385
1475
119
650
1404
713
1216
1401
1269
2245
905
1399
2519
494
21
1148
297
135
2593
112
2542
295
702
1782
1648
2704
2128
1103
2716
116
2677
2575
627
2117
1769
2176
502
2211
1441
1679
2731
395
2443
2332
2089
915
568
2246
938
1106
1495
883
1880
380
1997
2253
134
681
2946
1658
2905
2679
2444
549
2073
2655
1889
1573
2981
260
653
2895
2972
1850
935
2110
717
2606
1239
1086
2920
2831
1561
714
2521
1950
1744
574
1704
2989
478
2409
1358
704
949
2062
2566
840
1406
2106
2706
193
52
2642
406
2917
2752
481
2533
2846
1966
623
1548
208
210
1186
2243
857
633
2945
2299
2853
1685
2859
707
1930
848
22
1735
1990
449
40
2178
2513
2012
92
2530
1559
533
2961
1051
2466
2582
147
2581
2711
1564
91
2036
36
631
1928
484
2059
819
890
2793
1092
1181
1074
1055
1884
1593
1870
825
211
1822
877
792
1413
1584
2426
1537
223
1753
762
1310
1479
14
398
430
756
1866
1035
2119
1070
454
2080
1318
1848
2165
1029
2867
800
169
2897
557
937
1746
377
1521
659
98
2734
2766
2613
1427
2881
1817
1787
1238
655
1053
1309
1824
2088
1719
966
1281
1331
318
258
2762
2562
2822
750
199
31
1641
2242
2856
1351
224
2315
1550
929
847
2627
1179
1902
2657
758
2219
1452
2366
1858
888
128
1486
1790
261
2536
2286
294
640
1089
765
1383
2312
1762
936
2608
2387
1030
2688
2860
1846
2797
2143
1015
1396
1356
2043
2889
1504
680
839
1686
953
2445
2
2277
2074
12
2440
1695
547
132
908
2391
2926
321
1933
2698
2109
1211
588
2736
1465
1653
1954
1172
718
477
2718
1896
1947
551
367
407
1144
2974
2800
2958
2676
2681
2141
2027
2335
1872
1275
1339
1662
662
1241
1842
1068
1111
288
554
2402
1496
1636
1574
1856
241
2733
754
1219
2345
687
300
1882
1118
1038
1700
2982
136
1467
784
712
1985
1289
1112
2004
1940
1949
357
755
931
436
559
716
414
2378
548
2577
170
2600
2008
917
894
1057
8
1923
1176
315
1903
1317
2417
1
759
1599
2818
446
1730
542
287
2013
1711
2457
1430
1168
2078
1629
1081
794
2843
1576
1215
924
1542
2222
2574
2545
2828
1207
2758
329
1908
2098
1382
671
1634
2296
1809
1890
50
1226
1405
59
401
2020
1429
521
751
2229
1439
2473
1100
2992
864
683
1315
2861
1126
2333
2040
155
2650
991
2301
1589
699
497
589
2475
1818
2215
105
2191
2950
2033
2854
867
2823
723
1851
1726
1153
775
634
2484
1067
897
2102
2609
1633
452
1935
1819
1672
2283
666
1034
2343
269
2173
535
1260
2775
722
2157
2054
378
2717
2900
814
922
2924
2865
544
1932
1967
139
1916
2371
366
738
462
2732
196
2637
1237
950
248
651
1620
2482
1630
1435
2258
1097
2357
271
978
2347
324
56
2115
1394
1013
984
435
1922
1032
2139
2092
291
1590
2428
307
569
1079
386
989
855
206
253
2768
2579
491
1720
1893
2991
1095
348
556
538
1204
941
2349
2384
1472
1437
2649
1147
236
2912
2652
1801
2998
1951
1251
1143
1229
2699
2424
579
1225
1852
1868
2665
2087
1831
1577
2477
1200
2355
2363
1737
1545
2882
2468
846
1595
1715
2212
1188
1412
1743
1115
1849
2968
2292
2492
2167
1104
2294
290
878
842
853
6
1655
1334
1910
1096
760
1942
2270
1957
227
1810
305
591
952
1936
565
2887
2147
1213
229
2380
480
940
375
2145
1883
1028
1773
1193
1535
2515
1362
192
2381
1294
2664
2784
2780
2154
1481
416
2528
2066
993
1919
470
1433
2251
531
1300
561
880
2241
1516
1637
495
2547
586
820
279
958
1759
24
2221
715
2785
2616
41
1065
2746
1517
2210
1463
284
1047
411
849
53
1056
1974
82
2668
1588
1881
833
801
1420
81
577
1786
2524
1052
822
543
1833
2463
459
240
767
1247
1149
2163
2456
1821
1663
2978
2108
1508
246
2113
791
895
1984
2340
2646
2447
172
893
1255
835
1575
176
858
862
344
506
1740
1288
1706
903
852
2348
1304
1673
1290
1108
1268
1141
252
1619
1286
1024
1109
129
1654
1797
1607
2133
2418
1347
1046
2772
29
286
1140
1660
103
657
1084
1277
1728
2805
1235
585
2144
1909
2617
1725
943
530
590
956
145
909
965
2619
1009
1701
2556
2421
2009
1657
2437
1628
2834
281
1014
1220
2598
18
942
886
51
1060
524
2031
710
1271
2840
856
691
2963
2858
1894
1010
1944
1327
2279
1417
806
2052
179
2966
265
661
1644
250
2146
960
2836
2126
609
1221
2201
2432
2604
834
2537
976
2980
2395
2100
244
2303
2525
2610
403
1970
610
1121
2065
1752
431
2498
1150
2116
87
1180
1040
2550
2551
1116
879
2075
2007
606
2826
2906
566
854
573
951
2291
2171
2077
1598
1775
2401
1004
2621
404
2778
1604
1487
2599
1320
391
832
2090
2016
115
675
1234
2124
2153
1384
2597
2003
335
422
109
1392
1814
959
2415
1613
437
876
1039
311
798
1389
455
1414
1492
737
442
2707
598
429
2997
2514
2011
912
2438
1071
352
1991
1043
1973
1913
1544
10
1874
2232
1485
2093
292
1680
340
884
2435
1556
2184
2611
2808
2326
572
1551
985
1780
944
2240
16
749
1977
629
410
1138
2569
1183
1621
220
153
753
2193
2330
761
2771
2955
131
1173
333
1873
1073
2025
2821
673
2829
948
2753
214
420
2495
2049
1678
1477
646
432
445
2565
283
1668
205
2373
537
1063
2620
933
682
1964
1296
1862
2724
349
2916
2237
1305
2672
58
325
2053
1796
2097
2481
11
558
2892
2263
711
493
1182
2557
492
475
769
747
1002
221
1273
234
2684
2375
874
26
2685
472
2884
1643
1649
2661
1582
619
689
2266
203
2390
1689
1323
635
2868
204
2583
1566
152
1434
140
2032
1608
94
540
850
552
72
2612
1989
2048
2671
807
2827
2214
298
2022
2350
361
228
2015
1442
1127
545
1287
1742
514
74
2155
1553
113
516
242
2539
1586
1791
1707
532
1253
133
49
1597
316
1520
1776
1291
2172
2995
2338
117
1618
1455
1458
1669
508
2130
2082
1714
2331
2046
