3013
3211
1282
621
1384
509
1866
550
1411
3042
511
1816
2460
2407
172
3252
3883
3087
507
2548
2180
3846
896
84
1040
934
3037
1611
2130
1869
2346
3462
2751
3640
2121
1321
3081
261
376
3440
315
3327
2498
3625
173
3759
1784
3192
1196
1846
2946
423
2568
246
2862
75
3580
3180
2189
1392
531
2747
2765
1049
3502
3325
3004
922
737
3147
2956
1210
3469
1973
2515
957
474
3011
2898
3745
370
1726
2878
3137
1451
3939
1712
2594
597
2205
199
3299
536
1925
1890
1448
1517
2813
2642
1616
1313
1908
3323
3109
3156
2099
1634
2083
3590
352
764
3496
1620
1292
2468
3968
3532
3358
2737
781
1472
1907
484
3799
2589
3289
2246
3185
3726
838
1360
117
2588
3909
3954
2596
3415
710
3869
3452
1227
1760
635
291
3259
2846
2131
1491
1512
1022
1278
981
1100
2259
2768
3416
503
2663
1296
384
1135
1769
1402
2245
2501
3535
2971
1976
2776
2942
3080
2926
3300
2842
3671
639
201
67
2603
3753
2049
2435
2177
1703
3622
760
3344
1515
2065
1498
967
2198
3173
2692
1535
2143
2485
1193
2604
1817
585
892
2210
902
1381
1136
2229
1985
3859
2110
2074
3076
1474
2590
2261
1763
2807
2755
3706
2998
1163
12
1556
847
1222
1346
2513
2127
3506
3446
1319
1127
3784
5
2482
3426
3146
2892
298
1831
1683
1166
2220
263
2575
3814
388
677
235
1914
2629
2323
2249
3810
57
3207
2611
2219
2983
175
65
810
3368
3100
1168
3995
3196
1233
604
3782
3336
2534
129
125
1580
132
1656
1391
206
1798
3215
3346
615
3755
2295
3085
3548
128
2964
3003
1342
1048
316
3571
2248
3183
2746
579
89
495
924
3450
1105
2720
2057
1094
2889
1818
1012
3365
3708
1086
3035
136
3089
1734
3676
2313
2105
1365
1986
1044
2055
2884
2042
819
1777
1070
2635
1035
2204
181
3682
3957
3052
1496
56
343
1204
3937
881
99
2775
2222
611
717
3958
3510
3429
2410
1195
1617
546
1014
3068
3281
3260
1009
1124
3576
2132
3302
2627
255
732
317
1922
782
3039
4
1137
289
2011
3079
322
2875
3536
1138
813
2423
1947
1469
600
2469
2379
3727
313
664
1457
1309
3434
2824
2816
1804
1794
306
1223
1946
999
1145
1237
2449
3383
14
857
1604
3477
689
3241
3832
30
3370
3638
3938
1389
2646
1686
2695
581
292
327
218
2930
1577
1566
1028
580
1480
2216
3816
2734
1636
1503
3075
801
2936
724
2117
1493
3377
2029
3733
898
2166
2033
2129
2474
275
80
1013
1066
3650
2733
3352
2287
232
487
3070
3690
2376
2811
2614
2849
606
2486
3174
2980
2571
968
2799
3178
3025
3932
1053
647
563
252
976
3082
27
1057
202
2985
3635
2187
831
2566
3919
1281
1663
3525
2096
3751
2495
1955
22
3996
3151
1071
3400
3441
2382
2137
157
3843
1494
3953
1882
3894
1754
1647
695
3554
2996
3693
1582
1156
1305
1459
2783
2271
493
1695
3992
3754
784
704
1479
357
1781
504
1700
3199
1567
394
2214
707
3256
3902
1075
2955
1418
938
1442
2666
1008
623
425
66
36
1107
308
640
1782
1978
874
2657
1950
1010
2559
1720
1234
2976
3017
183
59
3468
2796
43
682
121
698
2829
2335
1235
860
2329
1481
119
3546
1995
2863
3767
2965
2123
3166
1565
2389
158
766
1142
2790
2125
144
42
237
2384
2598
3442
2006
954
541
3408
3363
3886
2168
2945
3559
3132
2041
1386
557
1942
3315
1175
2706
3497
2728
76
392
2483
3952
1965
152
791
1827
3713
488
2810
1838
3916
1399
1230
3154
3324
60
3296
2108
2358
1758
1961
2457
217
122
3382
891
2060
3067
3248
3573
3326
3793
1990
3448
3280
3217
1030
2680
1840
54
634
1214
2171
2332
1140
3393
3310
3770
529
213
3
3787
108
248
177
1354
2994
44
1082
3543
654
2093
1792
3999
726
1814
1231
3653
1438
3214
645
3904
1273
462
2239
1395
1531
1502
85
1111
2312
3498
3088
1739
3710
3620
2152
1607
1212
1306
1355
207
2015
1587
389
1931
46
3913
670
3983
2873
2077
3218
3293
3191
3155
2815
3642
3856
3224
2345
3285
3812
301
3236
3359
1958
3648
2915
3775
3375
2801
1962
1388
3530
294
884
2374
966
3320
2196
3589
2644
3973
1701
2336
2284
2476
1590
3230
1821
2599
2630
2712
3164
3881
3636
2406
3747
1525
1935
1002
2023
1991
2533
1642
3145
2643
1735
871
2191
2726
437
3165
3026
1488
1483
3574
1612
2558
1539
1246
1060
299
2896
1537
3645
2992
2112
3454
1920
622
517
1021
788
3807
118
792
1178
1723
1011
1020
2009
3705
2860
2190
1865
2144
2035
1790
1877
404
192
2182
2509
245
449
3357
433
1585
3091
3261
566
3623
3718
3283
2699
1870
1912
3603
1689
2612
2493
2999
2962
325
3210
2881
2390
383
1266
3148
1845
2430
2018
1304
1761
3126
2608
3962
2277
3544
712
584
2348
3922
1505
2932
3058
2247
2226
786
2979
560
159
750
2119
1130
2237
2693
188
1133
1446
1895
1279
3934
280
1085
908
3229
1651
3597
3549
775
756
3592
1387
3524
2518
751
3055
2372
1543
867
1572
1550
3028
3777
595
2039
2991
500
2547
161
1253
3107
773
2960
1152
3606
497
1969
1192
779
1283
3722
3591
409
2420
1888
1768
1385
1759
2014
3879
987
374
2679
2740
2544
1578
2478
3738
1428
3298
741
3458
2592
1553
3925
3246
3674
2285
2066
3632
2753
1671
3809
3341
1332
736
2974
3887
755
2832
1456
995
2874
2081
2293
3617
649
523
2360
3882
1184
1574
2899
2104
1109
1851
1693
137
311
731
382
3677
2053
2674
2340
1190
3354
2784
2658
3124
2481
3853
443
1337
2296
2427
2730
3577
2391
2778
466
1659
1125
988
1679
3096
3517
1944
1513
3646
1546
3712
2397
716
189
3110
1181
440
790
823
3761
2303
1588
2309
2064
480
973
2580
2660
2341
3912
4000
3190
473
3655
279
2508
886
2162
1963
1803
2491
888
2138
2677
2354
2181
729
777
2264
3493
1968
2669
778
2970
3750
219
2941
1045
465
540
1519
2373
3667
1511
1718
532
2453
1606
1728
535
2848
1648
1499
2311
1364
1627
11
2990
1527
2639
853
3984
1557
1665
262
2504
2828
2299
446
534
802
3697
3785
3967
3105
2381
3482
3963
68
3418
662
271
3122
1174
2739
3556
2766
977
3491
160
2252
2972
3233
498
406
2895
1097
1038
2192
3097
638
37
2439
19
2576
3870
380
1852
1829
1971
3286
3106
3032
2802
1857
379
3889
2263
3820
1356
2550
2929
1238
3813
3598
2019
2490
2697
2106
1143
1873
3538
3926
1916
3516
2507
668
1033
2257
3222
3480
1956
1311
528
1799
2777
2488
2856
2050
1215
3065
1076
130
612
1800
1208
2208
1899
3798
1826
1134
3030
1900
3495
196
2792
3654
2944
3931
2600
169
2919
1871
3319
3369
2118
1108
3364
2353
2959
442
385
1377
3329
393
3394
1260
3840
2859
2464
2377
1666
3143
1056
2258
2950
3854
1520
1772
1068
2512
3335
1378
3633
3488
212
454
2871
1676
745
765
3212
2308
2102
1880
2978
334
2302
2448
1216
586
2503
2025
1982
2560
555
3626
562
767
900
2900
979
2174
2933
3046
836
2394
2717
47
1286
2290
945
2173
783
2536
282
3514
3994
3150
2243
2459
572
2088
3267
3391
2572
283
711
2517
452
2364
458
24
224
2186
3048
2901
537
3802
1707
1785
2762
395
3737
3247
223
1224
8
2800
2890
1500
3880
2260
2763
3986
3872
1370
2367
2432
3321
3009
104
583
3425
3978
1621
1487
2241
929
768
1698
1287
2880
3526
3189
3609
1709
1860
1450
804
697
951
627
3430
3163
913
1390
1352
2072
3924
2638
1658
894
2154
2262
1427
2725
1383
850
748
1548
3204
2685
2531
1714
1211
1466
3141
3541
1532
865
1485
2179
1032
3891
1653
2227
2195
1276
220
2477
1217
200
2574
197
1490
2330
3142
1328
3073
53
351
110
1649
3808
32
2026
1893
2902
2605
1444
2621
3378
1132
215
3187
450
1937
1404
1413
3090
3898
1540
2124
2770
1463
3407
494
3237
3301
943
591
1403
307
2602
1622
82
2338
1530
846
1770
3686
3803
840
2557
1705
2622
1261
3385
2456
1115
1118
873
2954
3200
861
1514
3278
798
3038
3908
335
179
2155
3129
1715
3258
3552
439
3257
925
1639
2825
2519
1867
681
1263
3116
969
877
946
3943
1027
1197
2928
3487
3064
3865
3974
114
1932
2678
3036
2395
1670
1325
598
651
1631
1262
1541
1856
3198
3985
2242
2289
3988
722
1844
2623
2631
2521
2326
758
52
1326
1393
1213
740
3614
3466
2276
816
1269
3350
3219
456
2836
471
460
1159
2966
547
2145
3851
1685
3781
1467
2845
2578
1970
1473
93
1005
901
2233
692
3699
1697
18
1979
2870
3741
1833
613
1603
1820
249
855
134
1345
302
2748
1662
174
3944
827
3643
2764
3342
265
1989
3550
3685
1633
629
3133
3376
387
3579
3029
408
2886
1508
3136
3629
3355
2951
2098
2156
3675
1092
1765
451
3656
342
2634
1774
2760
1644
965
3381
812
3662
2462
596
241
2772
992
1595
438
1432
1055
6
2421
2624
2826
3687
948
3678
582
1077
2278
1299
2787
3821
2352
277
3203
1801
107
1406
1749
2957
377
3669
2656
2254
883
371
2905
186
3475
3857
366
3918
2794
2034
3989
3435
2538
2668
771
2595
3774
1274
3455
3343
1167
1609
2209
2752
1966
1379
1752
3031
659
524
2080
3717
705
354
1764
168
3561
401
216
2553
2551
2636
1443
3756
1209
3862
3312
632
2803
1710
270
1464
1116
702
2767
669
1256
1889
2126
51
1933
806
1034
1149
3599
2412
1462
2424
2745
826
10
997
3417
3316
3284
400
476
3481
2709
3560
429
3959
3297
1650
1426
1762
785
3479
3348
542
426
3749
3584
2565
145
269
2436
1596
2791
2417
2529
2528
2344
2729
1555
485
3661
3244
2224
807
364
1940
244
1445
1037
2197
1258
553
1980
633
3509
589
155
1153
2151
3673
942
703
3991
3594
187
1660
2272
1849
163
3249
1786
1669
2853
3464
3564
2100
3583
2684
2268
2675
3566
3688
815
1632
116
2822
2045
982
1435
3736
986
1825
3022
1241
1187
3123
569
3740
941
1864
3588
3695
1121
3709
95
2808
91
1334
842
2480
1579
489
1872
3955
386
2943
1242
3083
1751
208
303
1507
2366
2601
1177
1240
565
1052
1626
3071
2441
910
3041
436
1757
1859
154
2188
1618
444
2461
1951
1203
3679
2454
3169
2793
2409
3388
195
236
3045
1569
78
691
2888
2200
1176
1822
3746
3303
1410
2438
1061
3457
1169
3794
293
1984
1001
230
1791
1902
3402
1289
319
688
345
1420
1730
601
2256
1994
3568
2662
2176
2607
776
893
680
1327
3824
1380
3306
1534
796
2418
1324
2841
3829
468
1654
3758
3839
1545
3941
1024
2532
2510
3276
1148
253
833
1561
592
2069
1828
2274
2975
1744
809
1290
2396
545
350
464
752
1314
1796
742
2809
2617
3063
1067
1357
568
1960
3255
486
772
3152
561
2530
2665
2834
2370
2757
2275
479
1144
1832
628
2431
588
2937
2769
2526
2939
2541
1310
2017
3010
2922
2297
2754
38
2988
1407
1265
864
3585
2212
854
1998
346
234
63
1858
1544
2923
2925
933
1248
3500
3634
3503
522
2317
3760
991
1465
2280
3389
3399
3235
106
799
3263
1992
3946
2496
3262
3765
1894
2292
577
3806
3521
675
3149
2003
2779
2844
2561
1189
2343
720
1090
3054
428
2307
2556
3942
2450
709
3128
1850
3757
1122
1678
3439
3238
2616
1243
431
2223
1065
2514
21
636
1087
3905
20
369
3266
3379
1293
3140
2232
3730
3398
1853
2949
123
2203
194
3805
2682
1521
2463
3734
2761
3288
2539
3194
1
1239
1200
284
3197
2185
3868
814
897
2128
1150
3314
2465
2452
3120
2545
2696
3115
3672
326
2701
3848
1911
3433
3871
1793
3162
730
1359
2359
3512
2217
658
2429
1172
3976
2161
2877
1713
368
285
3366
1740
375
3866
3228
3615
3380
3202
94
176
3453
3830
3427
3098
356
1674
2087
706
1815
3845
1123
526
2552
872
835
467
55
2043
2470
321
2484
3739
2833
525
2403
3447
1298
3432
994
666
2535
1538
3906
859
930
1151
1376
2554
101
1046
2416
2082
3040
3711
1486
2681
1297
956
3000
3179
1528
3404
2415
2146
314
2288
2683
3847
1397
2549
2651
515
671
3213
3835
2350
361
3970
2671
3975
3893
2525
492
2147
3545
2472
3858
98
3460
2995
3274
120
3720
273
543
1484
3188
3234
2659
2947
3264
363
780
1255
340
2342
1025
1974
2095
3602
3240
1489
3265
1516
2850
3961
3339
3511
3522
191
2322
286
743
227
296
33
2434
2718
2702
2291
2785
1868
447
3795
1746
1126
211
3093
3927
3555
1454
774
3533
2650
1575
2715
708
2741
3270
1492
603
3016
115
3613
906
362
3186
3529
3659
829
940
3551
721
3630
1987
304
2013
2830
2244
3108
3384
2691
2169
2935
164
2640
993
1054
3582
1913
3587
3095
3616
824
714
3501
576
594
1301
3878
2446
1080
3360
713
250
911
3483
1244
1398
251
1194
2687
3732
3127
156
935
512
3170
744
3374
2380
944
1776
360
1809
1157
3607
3611
1518
1424
3490
3901
1458
3723
763
1026
3612
2363
239
530
593
1302
1079
1704
1641
3789
2920
849
459
2269
3396
2953
3980
1551
1549
2714
2067
3657
2909
2159
2157
153
2109
2869
2286
3896
3478
3818
1780
2910
3489
3783
3899
240
445
414
1303
469
1400
889
86
834
2502
825
3823
209
2771
470
1619
974
1006
3828
3867
903
685
3305
1361
2891
1375
2076
3473
1110
2458
3014
2649
1219
1368
3786
870
1597
885
926
3077
1229
1847
520
972
2719
259
2183
1433
2419
2230
226
936
843
1983
1652
193
3118
2444
268
2586
2584
1288
2010
3467
329
3102
3392
2401
3373
3181
3950
3308
3443
3769
2071
2931
1736
3728
947
2103
1363
1063
3790
3332
3422
1789
1836
1257
3099
2215
1198
457
3776
1419
3231
3604
3387
1131
1154
1186
2150
2089
1593
1277
1164
2051
2904
753
2037
2704
1608
735
953
3018
3842
3331
725
2865
1369
1081
727
2235
3707
1000
96
1170
3833
41
1646
932
3423
665
3313
858
1453
3729
2555
3195
3269
3539
3981
3534
1160
1119
3624
1201
2218
610
2054
1808
1560
1073
73
1093
427
1742
2582
971
2821
800
3834
516
1788
9
1338
171
2321
567
2906
2347
1202
77
1312
1436
3507
482
258
318
693
1069
2078
3294
300
2655
2721
679
2688
3086
818
2500
1708
684
608
3201
1333
1344
2012
17
347
2703
3610
3515
135
58
1322
1522
3049
1183
2540
247
2641
2940
1114
475
2392
1748
1374
3691
3914
1589
1635
3279
1637
625
2837
1919
650
348
1737
3157
1959
49
1795
1640
2872
1702
1559
2917
2184
2426
3652
1221
3334
2207
417
1050
2818
1855
1802
527
3523
491
3863
3232
3340
3698
631
2400
3578
513
1043
421
2759
1236
3864
2750
3066
2713
3449
2048
2742
372
2211
1743
198
1687
2202
2855
3024
3074
757
2206
3748
2626
3964
673
1072
3907
3251
472
2921
2610
1300
1921
3721
3876
1901
435
2160
1429
16
2562
2228
1272
573
1533
2735
2005
111
1316
373
2653
2814
204
3763
2318
2282
1834
3020
2020
1906
1460
2120
1675
1078
961
2000
3001
614
151
2628
1270
3092
3239
3061
1862
3921
3361
2489
310
2795
3800
927
1885
1106
3631
2073
609
1408
1475
2111
1017
3960
1042
907
3144
3911
92
1999
1807
3008
734
1171
869
1497
1957
1477
533
1684
410
2847
231
2738
1529
2047
441
2986
3167
229
1613
2894
1245
1062
3390
2024
3558
3852
1461
3223
2967
1396
701
221
1941
2455
3084
1564
2201
1431
1699
2473
1447
548
2116
2667
2831
3850
2371
960
2036
1271
3504
1434
2924
1830
3002
1343
539
3637
1733
276
2437
1997
1854
3948
50
3206
3993
320
3935
1756
182
1422
551
2032
2858
2542
3272
2903
1146
2645
728
214
1147
1476
3936
2887
2492
3933
1285
254
1440
3797
3292
958
2817
2331
2139
1876
642
3007
1524
2673
643
453
463
3817
3997
820
915
422
2443
1819
795
917
3290
964
418
718
3520
3225
1268
837
2001
1839
2914
3971
1331
3877
3892
3216
1372
3979
2749
2789
3663
2840
3764
448
1129
2723
1452
2581
2428
1692
1725
3193
3184
105
3947
203
3069
2044
678
978
1628
3006
2328
880
3666
3047
787
983
3351
2270
882
1861
3345
1348
1824
2141
1394
2948
1089
1783
508
648
571
1755
2647
3403
3929
602
1667
3242
3275
2375
3572
747
31
663
2038
2114
821
2934
402
398
2973
1717
3670
3627
2007
975
3461
3884
1598
3644
1747
1601
2265
3628
2652
2537
655
2619
3356
879
2732
109
3459
2618
1437
739
1638
878
652
3772
337
391
2672
3621
1252
185
242
2008
1468
3243
1536
1191
2820
1811
696
2310
2063
2938
1441
3972
501
3600
2615
2320
138
1614
1439
2413
2927
510
1677
3900
1691
2172
2178
2140
3696
862
3998
3815
2952
2497
1112
3915
339
1504
2091
2221
1563
1668
3372
2664
1887
2977
3945
3485
2422
770
683
2411
3386
264
7
2199
1599
2194
2722
2798
2163
477
3160
1903
274
3771
1161
2113
3367
844
2637
1918
1975
2918
3414
2648
937
2339
3078
1562
3362
2963
1323
100
1101
1371
519
1199
514
1878
2583
2325
2092
1417
2997
3322
3436
1340
3735
15
1225
1605
2408
3333
2609
2893
1766
3875
2911
1719
1004
3528
2839
989
3593
646
3704
863
1988
2758
3837
3595
2193
29
1936
558
3861
2620
676
2122
2440
64
1967
1120
2148
1335
238
1139
180
1923
2234
62
3752
3725
1128
2136
1188
1863
2569
1162
556
1884
2056
2494
3397
2386
1358
2383
2958
2694
3949
694
605
963
1924
828
1059
3910
1226
1823
3569
746
3923
1891
349
3531
3766
1615
1896
3596
1425
970
626
3059
3057
909
1382
1018
3401
1254
920
407
1155
3716
817
2812
3250
3681
620
3778
1523
2987
256
2250
1926
1673
2700
1848
140
2175
2523
574
353
1267
2522
2361
295
272
1416
3570
2689
309
1232
984
3811
338
2349
1661
205
3547
1938
1096
40
2097
147
170
2867
3527
502
895
3557
2882
167
397
2314
420
1455
434
70
478
2835
3330
1724
1058
939
3744
1019
222
630
3103
2564
2756
23
996
461
178
3664
1910
3827
2393
2279
3307
3683
133
2398
3139
3897
3873
113
260
1904
2324
1883
3444
35
124
1716
1259
3121
1586
3438
3724
1526
3822
3619
2797
738
1117
3273
3499
1330
3208
358
1350
3680
3159
1909
3844
3855
2852
1099
3641
45
2711
2107
1570
2365
1664
3175
2827
3413
3245
868
1367
505
1362
146
793
1041
538
1787
590
2028
2306
3471
1470
3692
876
852
2780
3044
405
2059
2388
1318
1892
1047
1510
2135
1629
1688
578
2327
2819
1295
998
225
1016
2676
899
1095
1722
1205
2838
3227
396
653
413
949
3519
552
1482
3172
2301
2563
3409
521
2506
2471
1841
1091
28
1813
1727
1771
2633
3043
749
794
2968
1943
2378
2466
1812
723
2298
3668
3113
2355
624
789
2369
2414
1805
2705
2661
2786
1767
1307
3304
619
1581
3428
2908
3072
1349
3660
367
1294
2864
2084
257
1939
1837
1280
1600
2240
1336
1778
3437
2046
3928
1934
2075
2585
2334
131
1478
332
2004
3567
3119
3412
2885
3768
69
2070
79
1158
3176
162
1927
2857
1084
2736
415
839
3474
3411
2774
72
2351
2782
2315
1930
719
3888
587
952
1275
3492
266
1449
2467
1471
2851
3177
2969
1083
3874
3826
3743
1088
916
2625
102
2597
2090
3111
3540
1745
1690
3171
3205
544
2337
2451
3420
980
2546
2805
3060
3291
1573
1680
2606
3254
3182
1031
483
618
1495
1509
3605
3328
1250
1623
2781
83
616
3553
761
233
928
290
641
607
1917
3125
2300
1141
3658
3565
3841
2283
3742
141
1405
687
2744
2686
3349
1554
2989
822
2231
2727
150
3890
1180
912
904
3019
1945
3825
2094
660
3956
672
2255
2134
1339
2516
3463
1568
2062
3353
1954
403
3885
1952
2319
921
3027
3484
1741
2587
278
2149
3731
1207
3639
2716
2511
331
923
2710
3977
1421
3456
1104
2305
1064
381
2251
1185
1972
281
1915
3618
914
848
1694
1731
1879
3253
1220
3034
2984
3895
2854
324
2823
3987
3791
3537
2040
3271
2876
797
667
1102
2479
3406
103
88
3665
3819
2357
1051
288
3101
2085
2
126
3161
811
2002
2058
166
3410
127
3347
3268
2433
148
1773
3158
416
3773
1264
637
1711
570
344
2912
3130
2225
499
2399
2356
1401
2079
554
1843
2447
2788
3920
1775
3563
71
1415
1881
2591
3021
3647
305
1414
61
851
3486
3518
1996
1506
1625
2907
2165
2425
1672
1558
2570
228
2868
2236
1592
1874
90
2213
2294
1682
3337
715
1953
2170
1576
2086
3209
1430
3405
3117
2333
2527
3114
3472
1023
3982
3788
1696
3562
3586
690
1165
1373
2593
962
1247
3714
2133
1351
2981
3421
3965
990
1630
432
3601
1797
3702
3508
3930
1015
1949
34
575
3220
3051
1655
336
2982
1928
2316
3104
2281
1594
2897
1308
139
2724
3138
2164
2520
143
3050
3419
3903
3062
1681
1732
1571
1412
481
733
3513
1835
3318
3311
3780
866
3470
754
3221
2654
985
559
1113
2273
3094
1317
2022
2061
1602
2708
803
2016
3015
3651
1591
1645
165
48
3860
2153
1779
1341
3762
1409
74
3966
2362
378
1347
341
1353
39
87
950
919
1501
1738
2068
887
1643
2743
2806
184
2670
3309
142
2253
506
1249
3445
419
1842
3282
3801
875
412
3608
1098
959
430
2577
1007
97
3838
3990
1315
3831
3505
2632
3431
390
3703
2567
805
769
2883
2993
2266
2543
3476
832
490
1610
243
564
1886
599
3012
1897
1251
323
2142
2843
2475
297
3424
1366
3277
1074
1905
1721
3371
808
3701
2879
2524
1173
333
2385
762
287
3700
1206
328
1706
3023
149
2115
2707
2916
1753
455
25
3053
355
3792
26
1029
3112
3719
2304
1218
2404
3575
3779
2861
1228
2368
267
2573
2913
3135
1729
399
1806
1981
549
3649
3694
2387
2402
3134
359
496
1552
2167
845
1103
3056
518
2030
3395
424
1929
2031
657
3451
2961
411
3226
365
1583
1036
644
2021
2499
1284
1182
1584
656
1423
1624
3295
1875
2027
3317
617
3689
674
2442
3917
112
3542
2690
830
2773
190
2579
3804
3715
3581
3465
2052
1977
3849
3005
1291
2238
955
661
3131
1179
1547
1810
856
210
905
3796
2505
2101
3940
1039
312
1320
759
81
3168
3836
890
841
699
1964
13
2267
3287
3338
2698
918
1329
2613
931
2405
2158
2804
2445
3684
3951
700
3033
330
1542
1750
2731
1993
1657
1948
3153
2487
686
1003
3494
2866
3969
1898
