3659
670
4330
2671
2357
5618
7651
6128
3374
3300
8992
689
6060
1794
2318
4674
7968
6887
8106
5113
6924
6573
3118
7194
6408
6269
3711
8384
6626
2013
1466
4150
5883
8307
74
8137
2480
7861
2122
5745
650
375
4352
8075
7125
2515
280
4619
1840
4978
5865
1672
954
1805
129
4412
2274
8837
8845
304
8761
5378
1235
2390
3044
8736
3
7040
8894
8576
1245
5740
7550
7144
2456
2569
2242
2246
1306
2946
2182
2871
631
6099
3590
5822
57
8551
8214
4301
3413
6377
6365
2538
6831
2449
7090
7598
5001
6186
4748
5864
3339
5493
6731
7544
1380
2468
733
6980
130
8012
4754
536
4772
5780
358
6103
5021
60
2951
8777
7905
7241
3212
2711
4303
6003
6560
3092
5107
2999
8770
4708
5149
2876
4072
8017
2071
1223
2485
1912
6721
690
2973
1720
8472
4365
1252
7594
596
2945
4277
6716
7992
8917
3580
4966
4018
7158
5343
360
7847
508
4282
1788
6017
5101
7705
1040
3151
6530
5564
1383
5708
2254
5754
1437
7662
209
7285
2617
6856
6686
8191
2580
7677
8104
7208
8712
7323
517
4120
2171
7732
6606
6092
1665
8359
1473
8376
7219
5541
2305
726
5306
3887
1896
1131
5735
1355
6498
6493
7747
163
4993
592
49
3050
6465
6050
1592
1678
7054
4971
8160
4368
355
6704
1765
495
5779
322
2681
8406
3280
6199
3860
5544
5129
2595
6235
8895
5945
8189
3438
5633
1661
6389
616
6423
798
5937
4747
8457
7492
4529
436
12
7331
1303
2144
291
4636
7859
5975
5535
2722
5060
5074
8257
1791
397
1319
7969
4433
253
722
5192
3369
5719
5516
1149
4753
3636
7135
2741
3226
4567
2503
5931
5643
2807
7277
2136
2977
8930
2152
1930
7949
3447
1858
7656
2942
1891
3128
5873
8856
7004
617
2882
6584
907
1711
6811
2205
561
7743
366
7181
6985
4327
1013
6218
5857
7171
6714
1876
2749
6876
8976
8741
6155
1371
7725
4415
7276
494
6281
5644
825
1186
38
4579
6323
7865
5405
1488
7029
895
7866
3486
1550
6863
2909
5489
2753
1942
4648
58
4288
7133
5128
3256
8971
3725
4480
50
2224
4573
5089
4952
3178
811
1203
5092
121
1610
4622
8572
3043
6035
838
8133
7657
465
3676
4807
529
762
771
8380
1347
1769
1528
5413
730
5460
2005
3407
1052
8464
4779
3329
4760
7640
1474
1703
443
5983
2903
6283
795
8208
346
8138
4707
6131
7374
7460
6006
147
3317
4647
1147
5461
6247
1443
3690
1375
3894
1123
5683
7614
5274
4278
6042
3056
3682
8661
4997
3831
8998
3332
4665
1706
2571
860
4266
309
3187
6399
7435
3787
1889
6090
6166
4111
1705
5374
7033
694
6838
8537
8105
5105
5519
1821
4304
738
7311
3410
5695
2164
7212
6000
7044
7148
7103
3173
8990
3716
4705
8618
5106
7228
2252
8588
6568
2325
941
1278
545
214
3203
7816
8136
7013
6940
7160
7818
6136
5964
3850
2650
4089
2898
6898
533
1258
1892
3664
6091
3047
1078
7690
5751
225
2478
6183
2700
5673
8337
5649
3037
7343
6840
1576
7205
5201
8785
1308
3702
4833
523
5799
2271
7585
26
2212
1756
1416
7293
8602
7922
724
5031
6294
7769
3385
8600
7924
7052
8832
3973
6649
1069
995
8108
611
81
4166
7517
6601
5168
4103
5385
8997
1972
8201
4054
7591
649
203
503
5956
784
2256
8142
2645
323
5979
6541
8247
3108
8831
7612
3503
7028
183
2460
5238
7779
7113
1699
3907
6313
4745
8840
3677
8072
1739
2701
4721
4528
4341
8348
5466
6334
3547
6745
1087
8415
4671
8902
919
4135
8260
8564
2880
3243
5801
6720
2947
4489
780
3621
2173
4495
158
701
1358
2061
3498
8877
2361
506
4002
7037
4717
1195
3358
4981
2501
5300
7187
6487
2233
6443
806
8076
8042
4317
6110
660
6024
8007
1312
6578
7926
4761
4099
7238
402
2402
197
6844
8660
1927
8055
1782
4281
4595
7801
5723
1286
15
5040
2050
2930
3434
6826
8947
8365
8179
5852
6967
4040
8758
3392
7659
810
279
3911
5892
2311
4609
3604
1004
4782
2699
7119
5301
5023
1506
5146
2761
6583
3763
956
7363
8700
2414
2661
5331
4925
4900
3452
8622
3758
3872
790
6291
5685
3000
1137
5395
8574
5730
6239
1155
3316
1801
3647
7617
7760
3862
4383
3721
8410
1518
447
5543
7338
1863
6459
8641
2111
4155
655
6038
2950
8061
4937
1300
3204
5912
6616
1564
6978
3571
3042
7597
7928
4635
7475
5887
3462
881
5169
4074
6095
97
7271
7110
3903
547
951
416
2901
7700
4908
6472
8058
5671
5170
3646
3864
8262
4171
5710
5914
4076
1463
4417
8533
2410
3691
3200
8698
1568
275
5056
232
5810
2597
893
1377
6920
6417
6161
8819
7163
2662
8752
6949
1183
5591
8129
7663
2767
5478
5868
1634
8552
7854
5853
6843
1157
7804
5414
7844
2421
120
5656
6787
1998
4526
387
6159
5420
7868
4832
6668
5064
8854
571
7183
6452
433
2452
4478
1162
1601
3199
3717
8047
6556
3869
1585
6132
8703
7600
6565
4586
4830
219
7503
2730
2845
869
5197
6304
548
5193
8875
6181
4531
8884
3085
6048
2988
1763
5728
500
2896
1836
8052
1216
3674
8059
486
1079
2004
2892
1159
7647
5424
4167
3660
8969
6705
3448
4851
8273
293
4497
5667
2423
2209
6388
3933
7721
5027
3710
7123
6899
5369
14
3633
3537
8834
1965
430
1399
1046
7342
7509
2604
5961
3062
1226
1785
1936
606
5028
3007
4456
1790
8683
2337
1283
5877
1809
132
1071
2831
4627
2284
146
5563
8128
718
4258
6542
7168
5682
4247
8219
498
32
8421
1621
1453
8150
432
5314
4438
1455
4041
4328
5293
4774
3328
5049
3766
1212
894
5990
3529
1755
8192
2446
3415
2631
3136
6407
2065
2090
8965
7118
21
5495
7792
7855
4734
2107
2091
2632
8594
6339
2366
2172
530
299
4874
6022
3805
7853
8720
2961
3819
3760
3229
5626
4220
8070
863
8818
8056
2008
7838
4298
4243
4223
1444
2526
4565
5557
7836
1501
2813
5747
4339
1338
8279
8037
3853
8889
3001
1407
510
7511
2279
3507
6233
8598
5297
1057
6504
7494
2415
5507
4397
6709
549
889
8891
915
2968
1365
4004
4446
946
5499
5254
5632
5967
5813
2726
5137
7129
1849
1650
1346
5188
3084
3458
6341
1207
5515
3017
2989
2281
7128
6078
1529
7230
2295
3090
5971
2566
7143
5189
4406
315
8684
3900
6083
2736
639
2512
8726
4362
8081
5024
4819
8277
3575
5791
1119
170
3094
6499
3016
6788
5187
6729
4892
3744
7803
8461
6775
6295
303
5362
678
8940
2523
1288
5650
2990
5773
6245
1039
3497
1228
2848
1109
3055
4569
6168
8868
5444
1142
4222
7489
4762
5353
7321
3832
2583
8773
2053
2522
3159
1862
196
8259
113
1762
1926
1746
6244
603
8491
259
4364
6034
3382
511
6014
6031
5664
6554
5663
2372
8670
794
3015
826
1420
4178
5408
2331
3594
2457
7072
8215
8041
8716
8659
1907
8028
5841
1150
6931
3807
7154
6406
4444
1826
4130
5091
1750
2314
8685
2935
334
1219
3619
473
8729
4492
1929
348
7592
2218
1943
8353
5308
6405
2537
6457
2593
8820
7235
7694
7458
4238
7958
8662
1124
377
7943
6164
2729
7637
4927
3926
1168
988
1566
8086
1641
3013
4933
6513
5770
1483
1623
4597
7141
6879
5462
2710
8378
8234
2381
4968
1434
2484
8465
8091
5619
8078
6795
2535
2551
626
3934
5223
4010
7954
953
5837
476
732
7889
6768
4157
386
1690
1822
776
1284
5279
5290
5942
6845
1795
4507
4077
6263
1342
4189
8029
1667
7914
5548
7893
6997
125
3535
977
4741
7314
7256
8034
2510
1612
1983
8309
3539
2338
2036
4043
879
4350
1579
6470
6740
2294
4695
4615
538
7298
7459
4689
4232
7365
7380
7632
3657
3066
4251
3825
7161
1339
6769
5576
748
4693
4027
8060
2678
5514
3791
4380
3424
3215
7991
7560
6248
2399
2507
991
3668
5150
7062
1352
3512
7106
1454
133
7006
3627
3731
1532
6676
4778
2694
4677
3058
1957
2685
8727
6314
7448
3779
8358
4949
8488
17
3303
2605
5612
6884
5847
3097
140
4558
7579
7023
1908
5215
1533
7906
599
1165
5157
123
3579
4129
1391
4855
2758
688
5549
8087
7007
6618
6813
4491
8442
553
4324
8565
3444
337
2332
2760
6113
5032
2375
719
4191
2596
5631
438
3568
8243
3070
1861
2214
7406
6998
2465
5775
7565
4769
2009
2306
6765
8246
1328
3626
843
2126
8999
2255
1625
23
1780
3813
3913
1883
3147
788
4542
3076
5553
190
161
8324
4210
5411
5919
6650
3202
6476
1428
8810
1351
6319
1734
8419
7117
787
4122
8248
2147
7982
2706
2287
8962
1475
1855
4008
7697
2400
4188
8286
8951
7446
5888
3468
7247
4000
103
7195
5205
527
1422
1752
6672
3784
6609
3994
139
4436
296
1823
8430
5382
7570
4799
8547
5617
7355
1003
8423
8003
8224
2677
7280
1419
2613
940
7051
8439
2156
6411
2986
888
3510
3018
3186
439
3103
7821
3521
8841
759
3895
3751
6965
8377
2026
1593
8612
8329
1812
1649
2517
950
5415
3189
4746
5523
8663
8013
6694
8048
6689
420
2494
2584
2
7608
1403
4485
1549
6900
6279
4945
452
4970
8658
6724
6761
4494
8014
7064
4948
2861
3835
7840
1847
181
7706
8924
910
4153
5475
6123
2639
8630
8954
7549
1327
6231
8372
383
4299
1429
7603
5008
5940
2176
6760
4334
767
483
2458
4551
8852
68
341
4249
7354
7447
7384
1397
7152
379
8375
382
1241
8702
5487
8909
2003
2714
4752
4998
2395
803
6174
122
6841
715
5196
7947
2417
3884
7477
4346
3218
2440
5051
8401
3924
5494
7578
289
1526
1614
911
1369
580
7933
4680
311
2725
6570
7371
4235
5909
3069
339
1104
6126
8459
2707
3023
5554
6563
917
1030
8763
4459
7606
6639
3665
195
8811
6190
3361
2554
3110
8706
2433
3645
7830
984
160
2743
4101
2451
3347
814
5429
6611
7121
3075
5933
6521
2878
1670
4740
7268
3219
7439
2447
2599
6625
3591
8836
4374
7373
2082
4655
4523
1121
2369
3180
5590
6764
2299
6959
6597
2647
744
6437
7583
2756
6162
6200
5978
6293
6489
1430
5148
6589
4837
8389
703
6145
2926
8198
3419
8769
1684
7660
4759
6086
4729
112
1537
3140
7388
1414
3254
2044
4786
6696
5706
2941
3033
515
3273
1817
2115
7104
8119
2775
5771
5302
2984
1523
4563
4376
1011
6124
1387
6276
5802
8125
4912
2194
6371
2954
4918
3284
5138
5707
7248
2513
8504
3818
820
5994
7060
3307
5905
3662
4591
6146
5250
179
6254
8882
3996
4630
3830
6412
2114
1754
8937
5657
2448
3406
5896
2096
4197
2322
4764
1999
4154
3191
2146
7789
1837
4073
3201
5232
4853
535
2118
4498
5251
273
6207
3655
5313
7310
6543
3325
5088
5668
6402
1854
85
5608
221
6268
8737
1688
8721
4033
2275
3712
8509
5019
8016
7180
8966
370
1541
3762
7478
2362
7209
2187
4290
2371
671
8792
5709
54
1551
8644
4875
3172
7177
3091
2498
2328
5963
4026
8759
7191
6827
3238
3324
5123
1827
3477
7039
7718
6883
227
7894
1324
3167
3918
24
5729
6321
3192
2991
6040
5062
7799
6494
6277
872
2774
7471
6777
5869
2713
8838
8983
1596
4533
1824
7796
1331
5585
5831
6344
3391
7480
1906
5623
878
3743
2664
7685
6752
7575
7476
2226
2367
6027
2476
3177
8207
6903
2616
5665
482
8296
2168
7227
7525
4596
4510
3981
6954
818
8235
2528
1994
8101
8321
3488
7902
3958
3276
1677
6675
7513
989
8370
1016
1933
3899
223
1595
3061
4161
7301
6170
3859
2010
145
7137
2563
1617
3279
3922
6129
8263
2426
5811
6219
8633
5243
115
3031
5112
3564
1819
3548
5034
2692
8040
7983
3156
2302
184
8620
4439
6693
5179
5195
4727
944
1489
6538
1246
6057
2167
5639
2202
4587
2188
6203
7404
1542
3239
1925
3230
5511
7296
1508
2021
4240
3281
7081
5815
6021
5705
5261
4790
5017
716
2543
7024
3341
1381
8238
4372
6361
7436
709
8495
7359
8586
2734
5854
8405
2644
5804
7376
4159
6290
2771
6163
7973
7601
4719
4802
8164
5756
2298
3962
4532
4310
6529
1713
224
7412
2309
8350
3210
5309
8929
200
5291
4816
5292
5181
5312
3160
1852
3920
3437
7095
8244
6886
4395
6312
1604
3321
4666
1374
4527
8299
3576
3378
3868
1317
4005
2560
4274
3003
25
3175
5393
8275
7593
6428
168
8463
5339
2046
208
3678
509
5432
247
3123
8862
920
5471
8115
7269
3077
72
3259
5765
6144
708
736
4369
858
4029
711
3752
4628
7842
4653
1645
4710
6337
6957
1020
1143
6902
4353
3936
5976
1605
848
7881
1881
2282
4614
6074
40
908
7264
4464
6847
8970
3775
477
609
3389
7577
5298
3780
4012
6809
3365
5066
1130
4375
5522
3801
8566
4989
7042
4088
8223
742
2779
4013
117
3810
4392
488
6266
6071
4928
4079
1321
5203
7003
1266
4110
8616
1659
5537
4947
5152
3637
1953
5006
7724
5817
1316
1569
4866
6610
4750
71
3588
1472
1295
148
5473
8722
4767
5987
5176
2621
7174
6016
7871
1343
458
1314
1536
7901
519
7420
1270
4950
7736
6225
8539
239
4919
4408
2236
5660
2660
2728
8549
2213
1723
2696
6794
336
6025
2698
5694
2416
8478
2110
7352
7852
8301
1676
4080
8475
4525
1237
4564
8364
6637
2116
3345
6503
4522
3689
4046
3795
6194
648
2157
2406
2759
3701
7407
2076
6552
5752
5271
2762
2629
7211
1630
3847
5908
521
6075
4969
1115
3823
5352
1034
2615
5795
705
7086
5655
5098
7741
6561
1673
7596
2121
3471
4804
4644
1932
3812
8900
7203
7559
5333
5498
258
2191
1546
5935
3461
5821
2241
6810
5002
4066
2411
5094
2175
1047
5449
2354
805
712
8011
5698
1446
8411
6471
6608
7322
3036
8679
6398
4770
5727
8932
8453
1091
4025
106
5666
398
4640
1251
2267
6070
1395
7817
3995
6119
2755
7940
4291
6475
8163
4831
7723
7366
7094
199
896
3785
5654
5030
1602
3704
4893
4983
1502
6739
4869
7751
2521
960
2746
4075
4081
4571
2270
4106
2493
2703
5422
2912
7504
8066
6404
6926
188
6510
4606
4078
8326
8190
2839
6786
3335
6005
7641
1920
7169
8844
8848
8110
8695
456
8879
5957
5546
8092
6151
3673
3599
7315
3327
3923
3992
602
2914
7564
4467
949
6311
1292
3578
4185
2432
2549
3258
5296
1354
6447
2937
8210
2576
7326
8458
4064
8369
3525
2385
7523
3364
1956
1191
2620
970
63
3715
4471
3700
7987
7313
2081
2687
7274
7159
2822
3967
1741
8750
8542
8775
3412
4441
6641
4796
713
565
2068
556
7157
2992
4021
2795
5004
2384
3249
5820
4481
6120
3278
4019
5423
8744
6860
4702
7508
2185
4225
4549
615
4170
5652
6100
6177
8456
4862
7634
7552
4535
4015
6358
6386
7655
6613
1267
7244
2527
393
4284
2873
1954
2043
5085
6634
4611
8265
8194
1390
1336
7605
4357
4432
6084
5184
8237
1361
1388
6477
7224
2784
8652
4602
782
3051
2923
4552
6335
4028
1449
3845
3021
7878
3833
657
1844
3870
7099
5816
5161
1356
2972
4245
1770
7487
8865
5453
2993
4336
2533
3474
2607
1524
1100
2108
5022
6783
6562
5808
2686
90
3104
4158
6041
7773
6893
7222
2223
2262
2155
975
3896
942
4941
4067
6973
149
5410
3706
1599
5242
6030
3291
6828
3651
6607
1860
4600
624
7134
7703
1282
6056
2012
6153
2879
5678
6237
394
933
8155
8479
7989
3667
4732
6094
6265
5357
8634
7409
4637
2292
7019
6468
2666
6571
5247
8474
3009
3176
7390
8231
3109
7100
211
6617
5070
5950
2425
1958
2466
1615
254
6488
6968
4641
3250
1236
2675
8165
969
7986
8996
5492
2928
5675
5593
8032
8768
8487
4125
5160
1002
1959
37
6646
2391
5635
7952
2864
3592
1779
4032
2802
1088
1408
3027
8767
6214
8956
7563
4241
7213
5057
1318
6127
812
2828
4891
3822
1179
1335
6683
1517
213
2165
6125
7507
7428
353
3824
2104
8184
403
2234
8627
313
5283
7071
8645
1662
298
7349
8432
1609
2573
3728
8090
7576
8468
3285
5269
8734
5272
8446
4758
4253
6331
3861
8690
7108
8403
7746
2339
3150
128
7465
7333
470
6234
1480
6627
3518
7667
1098
8878
1459
2268
1367
5441
7886
7825
5041
2492
1189
5680
6912
3351
8050
5468
2969
7485
1643
244
7862
3602
2643
2731
7462
746
1810
8747
2806
217
7752
5874
4201
5744
6009
7450
8571
839
3287
7375
4393
3669
6711
3611
4809
3838
5266
4570
3298
5989
4857
1041
329
6330
6835
4883
442
138
539
3956
544
1021
1570
1884
5147
560
5943
5007
3163
2093
5431
8276
5387
4300
7794
6674
7437
3373
2817
2586
8961
5783
3560
7775
331
2943
4293
809
8974
7155
4995
1828
1733
1409
7711
2467
2430
6964
1975
2139
1886
6527
4813
3643
5842
4292
6049
4377
2238
5692
585
7306
1001
1014
3213
1894
7850
2829
4973
4385
8786
88
4276
3586
7483
786
2812
1842
8855
4607
7522
7327
6781
8006
5901
1584
3755
354
1366
6045
1042
2063
1963
8435
8671
374
8346
7826
7696
8562
1939
5750
8942
131
3562
6385
7165
4940
4743
7526
2340
4867
3938
2667
6812
5569
4366
870
2066
361
3120
8000
2910
633
7069
2965
6593
3644
3930
8707
5310
5786
7283
8555
6661
1280
6814
5400
8020
3241
229
4461
22
1642
7455
263
1497
876
1350
5303
801
7920
4141
2948
8650
4598
6448
1539
5849
5456
1521
8967
6356
2702
8139
3211
3982
836
1118
5264
1548
5732
2727
4599
608
3068
3608
4733
6288
6273
8808
3478
5425
8170
1188
7784
4673
7673
7075
4145
6654
151
4009
4725
3244
3157
7870
1036
3312
3439
4508
7658
3416
966
2269
5642
5539
7383
5558
1055
6802
3087
2803
3418
417
3482
4259
5595
4386
1717
605
6360
2633
5220
8843
5736
734
5276
5029
4976
6175
1814
5846
505
5512
1469
5559
3398
6927
2591
427
7012
1800
2663
7899
8760
5289
8582
7386
6261
2392
6077
7130
8774
2180
2087
8639
7516
45
2724
3573
475
1028
8755
4321
4541
8833
8783
1005
1638
5718
8186
356
7009
5918
8317
5226
5792
4589
8666
4578
1635
4449
6955
8295
5605
685
4053
8303
7710
5803
3496
3403
525
1873
1364
2442
4608
7546
3867
2539
6338
206
6771
8481
3022
2370
6178
1360
6971
84
2461
7389
957
6566
5714
5384
1238
4896
5344
1783
8743
109
6854
4267
3906
8667
6316
2101
1194
5368
7879
2980
7142
1961
4419
3336
6284
4016
6727
6251
8311
228
8725
1273
7260
2249
555
5486
7715
2427
2344
6623
7962
2177
7233
3367
3363
3054
5
385
2134
1386
371
1221
630
6481
6182
7984
906
8498
1748
2987
3470
5481
4581
7562
4463
6064
3577
5039
5777
2341
1389
1693
8386
1652
5521
1669
8958
6708
6317
4340
3500
4208
6647
5614
1313
8499
6896
8428
6240
3442
1450
8863
8202
7683
8771
5294
1417
1691
5063
3849
7045
8394
6020
2486
4716
6130
1740
5965
1941
4672
4133
8492
8420
1796
1023
3409
7527
3597
8180
2885
3422
4381
4285
467
8371
3137
347
2602
829
4193
4926
2420
7254
3115
6397
5437
721
7382
2244
831
5805
7625
1974
460
5647
1299
2668
5350
2768
5725
340
3038
1432
4465
4207
2266
766
4572
645
1639
2051
5524
4511
5863
4069
3692
5097
1655
5058
8625
2913
1874
8739
4255
6482
6362
8001
7567
7217
3171
3642
7486
4907
828
1856
324
1764
4051
537
7863
3508
514
390
3950
1161
2320
8733
772
6079
5589
1629
328
6260
2042
4667
5996
8949
925
7695
3375
1225
3396
6139
5235
7786
7295
5567
6325
1597
6540
3814
2289
4052
193
6426
1833
2772
3102
3485
1718
5055
5606
1180
1559
5505
3350
1256
5171
1869
2291
4227
8611
440
6180
3320
558
6962
4795
1607
7175
8826
6743
153
73
4192
7834
6839
172
1174
2773
272
1511
260
3851
886
7196
6869
5396
6242
1307
6495
6458
963
6941
3572
434
3532
667
102
1499
1934
4233
7772
3491
8397
2360
3540
8402
4071
789
7116
1177
4964
5381
5334
8127
4271
3915
4504
6287
5330
6547
230
3533
2918
2383
7263
1875
1879
2733
4057
61
1344
6987
5087
2855
3841
3557
1698
5404
2781
7811
5806
5599
5949
3943
2211
6698
5365
7551
2285
5099
5913
582
4050
2810
4838
3815
6986
8784
3555
6150
2072
569
2684
524
4349
6550
5860
1370
2472
4131
1436
2470
5640
30
4143
3740
4540
6979
1359
1935
2276
5326
1135
7897
1977
6991
1681
8860
7707
3783
840
5095
1178
6052
8766
310
5364
4781
8887
461
6877
692
1832
3738
5155
5332
6001
4315
8268
6067
8010
2450
3871
3514
7762
8532
7686
3846
714
2682
700
4509
1059
3181
6976
5356
7646
7076
3875
6140
3384
3459
996
3954
5067
8821
2530
8935
405
7519
1582
8626
2787
4703
2840
590
4737
8689
1176
7299
6782
1985
6195
1218
6767
3005
376
266
7286
7312
6217
6579
1478
1285
8035
3026
7251
3569
3840
8175
2264
3909
1376
3245
6712
2931
8071
4988
8398
2219
1010
958
5651
2887
4953
6122
1329
3030
4821
3006
8906
5079
6015
675
7988
1877
797
8030
8614
2635
8054
5502
5525
4909
6684
6590
1062
4520
8441
8143
8701
6545
47
2210
4212
7053
6413
8950
589
2622
1232
7207
3888
6306
8979
7749
3538
3688
5497
6147
7584
2113
5315
7253
664
7499
4932
7661
6921
2857
8643
351
8798
4924
400
4117
8323
4269
3221
7112
7073
8449
5917
3338
5345
4087
4660
5570
4776
4430
7858
4272
8595
6999
5634
7618
8507
2590
5139
1552
6197
600
897
4986
4209
5020
2482
916
2637
2437
1757
8654
7913
931
3124
2286
5337
7490
7170
8154
8915
1108
4017
5069
6532
7043
3253
6355
6491
4658
4889
3714
3963
1089
4048
79
3370
3513
813
8548
3746
1277
3456
1074
2574
6922
7627
2137
8847
4814
7916
338
2023
2204
1192
492
2936
7146
7981
3990
1940
5005
8899
1239
6901
5426
7001
8496
5981
396
7162
2112
7097
4112
6915
3606
5480
6082
6157
2691
3989
7182
7814
4514
6599
4279
6348
1708
4403
7532
6679
8009
7065
5447
8222
1590
6779
7554
2117
2445
7328
2511
1053
8982
8692
2025
8228
7869
5209
2819
7885
3305
1398
152
8213
3441
4954
4657
6614
5227
6441
6629
7398
6707
8124
3921
6914
34
3262
614
1675
4588
1992
756
1210
3726
635
6230
5118
8794
8704
976
8531
1441
591
2459
3313
5625
5878
6158
7829
3955
3974
821
7766
7278
6988
9
59
8797
282
5263
1893
1291
2131
5048
4601
5116
1868
1481
8361
7630
6098
5482
4845
8640
5686
2300
5838
518
7178
4922
5013
8883
65
2439
201
7341
6595
1686
194
4023
3865
5711
3584
4683
8791
799
4884
2352
6114
7466
35
5641
5575
672
8445
3130
4792
4396
504
6659
6710
4196
5392
7569
5043
2832
3096
574
2612
3769
7281
2636
7877
7764
867
3228
7669
8343
983
5872
5249
4038
7220
6804
7730
924
6823
3683
4358
5713
5800
2054
3670
4646
2553
4811
1045
485
8941
4577
8200
3377
5712
6205
1515
717
7400
4592
8919
6638
2592
641
1663
268
5174
7452
5509
3402
3314
3708
8694
2151
729
7014
3932
2603
3804
1163
7684
401
497
1685
3155
2183
3898
3685
5304
3827
4200
7864
4306
7622
4521
2011
1900
8015
912
727
7809
929
4791
1924
1535
7022
6156
3908
961
7800
4643
4836
5037
8665
8545
7395
8255
6700
2791
822
5530
6520
6252
7676
5327
3499
4331
5776
1151
6169
710
2128
1122
3757
8522
1400
1081
6226
1139
3509
7443
7495
761
3759
3143
2547
6723
4847
4217
8357
1311
7895
8282
5533
4681
4938
2160
8968
4047
1264
5281
6546
1574
1798
8668
4886
8945
6664
625
2321
6380
1172
1990
156
3609
6087
6549
262
4426
6732
4065
1158
980
422
5520
1233
5322
1184
7644
892
4367
7138
5371
7482
4359
7957
7720
7431
1682
1830
407
4355
2609
764
7463
1170
2189
3809
5467
1479
4590
8529
2353
4164
7236
691
8181
3264
5204
8963
5229
4137
6574
1978
2317
1664
1575
6929
1747
2438
1572
5154
1562
4554
3045
1923
8910
3820
4749
5285
7173
7410
7833
1916
5787
7717
7708
6792
6425
6116
2419
7288
7930
5970
7132
1260
7927
8335
4625
4092
7904
1644
4842
6010
5746
1012
8814
6333
2149
389
2952
1917
8523
2891
3600
6917
1727
5843
3698
6615
6670
3680
8657
2022
2141
332
2688
5273
4409
4329
6357
8718
7059
4923
6051
5598
1467
3778
6605
8827
343
3166
7548
4711
943
6367
904
4061
1973
7047
4263
6424
6990
7077
207
4624
7414
1
2428
1745
3266
7520
5078
1357
612
6500
7595
8077
365
2376
1026
31
6278
5033
8082
7505
6882
3556
2504
4316
8109
5844
8126
7479
8482
4140
8597
2858
3684
8374
5317
7798
7139
2842
2319
4663
4638
7319
986
7358
7049
8543
4584
306
7336
647
3978
1094
3942
2272
7501
6960
5390
6101
7543
1493
723
3073
2327
1465
4169
3233
2765
6719
5228
5916
6427
8388
4148
1553
1648
205
7284
3141
6753
7362
6259
3874
4878
3275
6176
3346
6349
623
6029
2712
2336
622
53
6969
8232
8569
1656
7246
2642
682
5245
6695
4126
5358
2744
3552
1405
997
4221
3630
7140
2031
1651
5084
5946
3376
2541
300
2407
3248
6537
267
8418
4709
6682
7011
4885
3969
7629
937
6270
7539
3750
5015
2235
6851
369
4736
8379
5889
5341
1776
3718
7091
6363
7164
4256
7687
1269
890
5636
2944
242
903
6678
2444
472
2651
938
5583
7581
7481
1865
5829
8603
909
5491
7639
5580
8842
5217
4305
18
8162
2239
6403
7273
5102
2611
4987
3144
913
687
7995
8271
157
2084
2816
1887
6381
2568
1804
4873
3133
56
4470
5416
578
3543
6340
2683
4147
5151
3771
3100
3330
868
3168
3059
2343
6624
55
8746
6648
6555
1913
5827
8693
421
8593
6685
2166
4686
1922
7442
135
5145
5143
2124
13
4566
1024
4445
3773
4561
8454
2929
8417
7912
4688
7198
604
2020
2342
1263
2824
3554
5881
8149
5830
8002
2019
1379
6192
46
1544
2915
3523
4394
2601
7540
3553
3469
8424
3395
6512
8065
317
3632
5998
998
3079
8567
1510
4676
5451
6784
2431
1410
5982
3504
8158
8624
8390
2982
3616
4568
985
5839
2776
5755
8008
6026
1632
5503
5767
4468
2581
5366
7880
8540
308
4179
265
4442
979
2312
2826
2179
8023
6108
3765
137
5630
7727
845
2754
8553
100
2546
5377
4244
8176
134
4801
880
484
2145
8153
2174
835
8111
573
1095
8778
1692
3796
2475
4560
4265
141
4479
994
8501
7929
1563
8073
4469
6800
1244
1468
8530
2257
3387
8914
1068
4794
3146
4784
2800
7514
8308
3380
6628
8796
5324
5336
3945
1505
3968
2516
6143
1715
4803
3129
3972
758
6557
7348
6055
1848
2035
2865
2079
8515
52
8710
3681
8412
2345
8196
4014
6680
5045
6474
3078
4302
6097
1294
1067
5540
4574
4662
3453
3506
865
6581
271
364
4371
7888
459
6464
8204
4487
6632
4604
6596
4963
4632
6241
4144
4582
1555
8331
5115
3993
8083
8858
5907
1227
773
7671
6148
4771
4730
250
5986
3749
3730
7240
426
7440
8302
6528
8505
6419
7429
8290
1097
119
39
479
83
8601
6421
410
363
6758
7393
1808
8064
1217
8573
6393
2388
5323
4626
7405
3806
686
7974
4431
3445
1724
7232
3074
5876
4314
8159
499
362
3828
246
8024
1017
7092
7573
5922
6387
3935
2805
1214
8892
873
2856
594
2808
5955
4264
3131
7454
4160
6173
3581
6267
6289
540
1774
8905
3857
4915
3362
2874
1458
8678
5778
6326
6506
4354
3223
399
6444
8280
8907
2386
5016
8714
5609
8691
6939
3436
2243
3430
6222
755
4118
290
4863
7350
5836
5075
7972
8005
6643
8890
7729
3741
8019
2552
11
2870
1534
2939
261
6871
4888
1834
5885
7780
4742
1211
4967
454
7021
490
7797
6564
7953
2690
105
3709
5194
4231
4416
3979
6774
2673
3770
824
2624
3372
971
5628
8803
5090
6300
1971
2674
6525
8544
1196
4777
2881
4623
6469
7572
8546
5259
3423
2038
3272
1477
5488
6473
2966
3270
7665
8520
1105
6594
3561
6351
3467
2532
7303
3747
704
513
3876
7978
2588
1704
6210
6569
8356
7002
1984
8619
3558
441
5562
3277
8395
1265
2917
5383
1679
955
8063
8267
7586
5349
7304
2040
2138
5354
7701
4387
3614
8861
5178
3435
8193
8790
2916
5906
7691
368
6479
8328
8730
6858
4835
7849
7839
570
5602
8306
8027
5391
3595
8021
6105
7702
2359
8197
684
6096
5859
4236
406
408
1897
2598
5797
4553
464
1167
6089
1989
8516
7867
7457
7648
3227
5903
3798
5351
5346
6524
3420
3225
2770
5743
6713
3720
4205
6816
7680
7262
5508
1962
3252
7474
3919
5944
2884
1921
3431
3882
3623
3098
345
8409
166
3545
286
4116
8621
3386
6483
4951
3808
4999
7346
2956
7709
3536
5895
7257
522
695
6734
6746
5119
4690
6737
2670
6374
6859
8298
5175
2260
804
5638
6974
3852
3648
6817
2227
4405
5082
6983
8443
2640
8921
6047
4616
7745
7172
489
7188
5659
1522
4451
587
1947
853
4669
4518
8779
6612
5450
8249
6907
7959
5720
7258
2782
3479
4295
1787
6807
285
7016
2491
1668
6925
3081
4254
2889
6741
7967
6415
926
1101
3855
4718
1583
3222
4519
6198
2960
1513
8928
5412
5697
6728
7261
676
4218
1997
882
1496
6923
5144
359
255
3323
1082
4452
5407
471
4138
516
6873
1613
4501
8610
6451
3354
1008
557
2797
8748
1767
3661
7031
8416
2757
2949
4713
1117
3696
5910
4913
6688
8557
7324
4176
3839
4822
967
1987
7083
6238
3679
5463
5566
118
4850
7250
2217
2720
2717
740
3429
1967
4861
3563
7621
8266
5050
4929
3295
2723
1340
6102
6944
8148
4273
75
6937
8541
4342
4414
4990
8383
785
5581
7518
2356
5571
3794
4007
3883
3020
5166
2520
2142
8587
2924
5202
6577
5355
3565
1901
7498
2290
4972
2047
3574
4086
2436
3756
4715
7713
4082
5870
7538
4890
4127
4652
96
6790
6602
2963
7216
8807
6376
162
7750
2978
6069
7300
3786
2630
8340
674
2669
7942
7607
425
5073
3071
5258
7521
28
1514
8801
8069
7704
3080
1271
1037
1447
8038
4698
292
5734
7590
4184
3333
4920
699
6866
2893
1742
1345
3455
187
4505
3224
7098
3551
3197
656
3293
7136
8830
2024
5299
2646
8674
6770
1333
8985
1411
8508
1556
6690
5132
1914
8327
1737
6726
2143
8866
2955
7456
982
7291
2125
2657
1778
3781
579
1753
8872
5225
6409
4930
7402
6442
1330
3235
6439
7506
832
5784
1702
2894
314
4084
2556
3985
2018
1309
1695
4881
6414
5216
5454
653
2481
1304
6755
8916
7218
774
4142
2365
8850
6187
4165
3165
8256
665
5741
5716
277
3694
4865
3421
20
7938
5435
6598
7602
7122
862
3980
6600
2875
1637
4617
7345
7815
2095
3214
1554
6227
7367
2659
395
1394
8563
7976
6088
6196
4980
6062
6137
7445
5578
3179
3356
6748
6588
8451
3261
3170
2540
3797
2002
2206
189
5696
4102
8452
8183
5026
7036
7416
7778
6640
4684
4151
7941
1385
887
2001
8984
3057
2231
6445
1905
7722
4546
1751
575
4965
2804
3067
7424
3132
7587
3953
5061
2190
5406
3472
4685
899
3686
914
2786
5207
1928
3457
1051
3727
4042
2976
2297
3432
5992
7078
4818
8732
696
1440
8709
3286
1658
95
5518
8046
5338
680
654
550
5185
5676
4146
6875
4421
1056
3856
5122
3127
8559
8651
4756
6171
7781
3886
5825
1044
252
7422
5761
2088
2347
7791
8130
4738
1009
7528
8581
7616
1573
3965
4670
86
453
6942
5648
3501
3666
4175
6797
4399
7515
1106
6280
7675
4512
2496
2958
6302
7115
7488
6299
8018
2153
3826
1404
2863
4308
2198
1146
6115
4580
165
4872
520
5210
3381
640
1257
4204
8173
8864
6467
1626
2778
3885
4124
4870
1818
3719
5427
6395
5690
6372
576
1491
1931
3988
8333
7557
76
413
388
4083
4996
1945
3998
769
8897
7190
3242
216
4706
8933
6559
4868
8414
3152
4070
2769
4808
2393
1222
3649
4550
7229
5661
7936
6864
4373
1063
3880
7588
4283
1660
8745
3834
918
8245
3774
3349
8953
4911
8392
215
5044
8135
99
1608
666
4524
6359
4585
4280
2820
3414
1729
2006
5928
7126
2719
2335
1825
1031
8304
496
5359
2721
5159
5142
4186
7828
446
435
43
3520
6870
7939
7932
1948
1402
6332
8227
4262
48
1507
4105
3905
1418
1061
7619
2304
4261
8944
8580
4307
1332
3019
1043
2324
218
1589
159
6117
2346
5253
5136
6551
226
4058
3029
7421
8258
1969
1457
6778
2159
6798
4493
6368
4119
5305
3628
4534
6142
1571
384
4744
6791
6032
3353
5375
5072
4583
7890
791
8896
6391
4785
1006
4289
8300
1349
3986
7399
8538
6392
1156
8881
8957
4751
4030
8497
3910
7131
8427
5053
3405
4410
1261
2975
5103
7401
449
297
2208
2259
7111
7604
7427
7408
5819
5974
3271
5572
269
6
5440
3217
2163
4034
2135
7795
8477
5443
2349
1851
1425
3182
1160
6888
6081
167
6947
8918
5924
2766
3334
3624
4815
2288
3737
8436
6220
2925
2308
5968
1456
5757
6911
5724
7464
2027
1471
6665
7915
5615
2106
1325
532
1152
7558
1683
6370
6657
3522
5966
6179
7107
6905
2401
7473
3231
8425
7774
3048
6736
7027
1435
3848
4766
6215
8799
7845
5038
7898
4425
1775
4325
902
3154
3161
8422
6255
3544
5241
4224
3390
3879
2098
4699
3901
5389
683
507
3283
7950
1206
783
4229
2273
4484
1175
1736
8839
8043
3703
7297
5076
6345
3318
1060
7292
4645
1128
6667
7882
8045
6093
7832
3290
4515
8462
652
5929
8636
7068
6138
6111
6773
4326
6188
7907
644
3516
760
7535
5528
1372
8570
5052
8680
4649
661
2464
751
6692
4991
1199
4860
6232
104
5234
191
8835
1600
6191
5789
150
478
6456
3892
4910
4714
4091
8607
1937
4530
6928
2849
1726
3371
3357
7510
8920
192
2970
8120
7058
6514
5886
1289
5000
613
3940
8287
2374
7851
4768
5485
1622
1073
6256
1490
6580
8203
3331
7652
5547
2564
4810
5733
3342
1007
1141
4555
6805
928
468
251
2229
6160
8911
2028
8292
3531
8218
6167
4731
7127
2927
3196
6913
898
2793
6660
1735
6492
6677
8088
8500
1276
2835
3359
1545
768
7289
6202
6271
8140
993
4096
6651
5363
5316
6118
3641
380
4985
4361
6587
5083
6134
3135
7272
7742
4455
4454
7084
5738
1198
5117
2471
8455
7542
3138
5252
3699
4691
3004
6575
6733
8980
6880
6352
4612
7961
8156
930
5121
3366
6953
8284
4817
5239
4826
541
1558
3032
2067
572
3837
6394
2626
677
2557
5163
8373
8813
2140
8591
1831
7361
3064
6834
6948
8466
8676
1032
1944
6653
3693
1315
7767
77
1982
1647
5164
2985
7755
2608
8809
1829
4931
8172
2094
8269
4332
7151
8483
44
5173
1492
391
6533
3792
2358
5565
8978
4854
8393
4654
1421
249
4420
202
4848
4613
6061
2404
3113
5645
2783
2248
8151
3493
884
3194
3397
3753
6691
5688
3400
1654
248
5875
4682
7234
5973
8318
3615
1348
1148
2534
7149
2097
3158
2582
6582
646
2585
5526
4382
4085
8486
7955
6725
2062
8653
8812
2197
6622
8535
4379
7911
7678
6821
3426
7145
431
1368
1427
180
8355
8342
1363
5158
2245
7873
8074
302
8938
2798
7156
466
5790
2558
3451
8283
5748
7734
1127
2825
2462
2562
1853
554
8278
8385
6982
864
3260
3675
4020
2261
8493
6993
2017
5769
4499
3206
7202
8330
4955
5086
4800
5262
2974
5218
1915
2070
198
1033
8004
5256
5248
2280
5510
6918
1806
4348
7793
5231
849
2763
1476
5047
4864
3105
3724
750
7451
6656
5419
1470
3034
7387
4156
1835
6301
4402
284
3343
4011
7843
2938
143
7302
6435
6830
2473
6865
2967
8647
6292
567
3008
3742
3185
6703
4897
1871
6420
450
176
4095
116
1125
5347
8100
2253
5452
2119
3121
2220
6258
5009
7835
5926
7472
5890
1503
2364
6133
7176
8320
4757
1531
1065
1138
1657
7807
6121
8285
6501
4793
7917
5764
7242
8363
2000
6935
3821
5739
2833
7017
2680
6433
7896
3502
177
7334
3450
5311
7649
598
5850
3782
2016
2809
6460
1305
7267
2296
5594
2872
7434
5704
7364
3802
5388
2221
4876
278
4443
1077
6107
1136
4992
3585
4398
4457
636
3656
7841
2536
5011
2838
7223
3002
2834
7226
1802
5221
4834
6868
8740
6515
3251
1710
7497
4901
1049
4982
2326
8995
6011
6906
5812
2953
833
1731
7418
6212
8972
1164
2649
7493
1015
7438
7266
5199
480
142
5597
3976
1185
423
3393
5835
1777
67
8615
6855
316
429
1302
4090
8216
8025
3598
2178
7206
7337
6422
8585
5165
41
4880
7556
1760
6585
7102
2453
8649
6461
3735
8146
7977
6946
6766
8931
7837
8754
5867
3122
1898
4311
6945
8556
6378
2422
7633
4957
1268
1144
6829
1234
679
7005
2656
8241
8822
4246
4476
1334
658
4440
5840
7716
8981
8217
2216
1080
2854
875
5607
6303
7150
7857
3975
335
952
877
6063
4679
5042
779
3265
1173
305
1392
5828
5054
4206
6717
8575
372
5985
6072
6673
7531
6772
8713
220
2739
6655
3748
5213
885
8178
5938
6576
651
3631
5531
7848
7759
6943
5265
1988
4548
8518
8776
6776
8484
1674
5240
962
3534
8617
5861
333
3672
595
1145
7611
2922
2704
3083
3095
5434
4037
8049
6897
3511
3589
1781
3790
745
233
3925
2505
1310
8686
6531
659
619
6054
3948
1197
1709
2618
8592
7805
8608
775
5737
8696
6315
4773
7788
3705
1594
3878
4177
2083
4934
237
5749
3873
6249
6951
8229
4448
3145
3971
6382
352
1064
4765
7461
5826
584
7998
7719
5490
6909
8413
6253
2836
2844
2387
3768
1789
1133
3620
78
1253
3126
1085
4859
8806
5763
2577
2073
5342
5952
1910
4642
757
8226
921
8973
4211
294
796
5681
2827
1701
6497
4437
2443
3559
6059
7875
7372
7469
1598
4603
8717
978
5278
2351
8253
8152
2170
1287
2477
5172
2074
5398
6285
8239
5233
8099
3149
7582
4252
3528
1520
8134
728
4056
6872
7533
5318
7063
5988
6033
2919
7971
7067
526
7674
2330
4055
2397
344
4473
5921
4483
2740
330
5856
6972
3928
1565
5582
5984
1738
7931
6347
6480
8903
4031
7670
5472
5484
8209
1680
5445
1208
4675
7491
8107
4979
1058
7996
1838
448
2355
5465
424
4827
8655
3638
7325
8426
935
3652
6104
1090
373
3289
725
923
2303
4351
1773
6013
3257
3939
5134
6645
7245
4661
5018
6631
4297
8952
1113
80
3010
1382
1438
6416
1538
3153
4942
1281
5758
4905
2638
8943
3947
6342
3473
7728
5111
7688
8251
7114
4343
2307
6023
3399
7050
1274
3484
1864
4984
3951
1362
1839
5574
2037
3041
1134
2085
5920
2627
2745
1771
5100
6211
8506
8728
4939
8490
668
4215
6706
16
7668
2821
5288
1272
4894
2489
5624
1719
5551
1725
1867
7030
8291
8332
4877
3854
7010
1083
2363
5677
8946
4115
4735
5579
8993
4629
4136
2201
1072
1749
4668
1093
1482
752
4411
8851
8437
8240
5065
2048
4198
6516
3912
3169
8211
1525
7638
5014
706
1547
7963
4182
1494
1618
7214
3515
5930
7396
4107
2412
451
3964
2561
662
1911
5932
807
7997
6950
412
7561
8067
8871
6891
6738
3494
6806
1448
8144
8185
5824
318
5568
276
404
7074
4226
6369
4388
5893
6878
2158
8673
7908
7820
2333
1248
6539
6496
2525
4856
6895
7275
4
3593
3025
4214
3567
749
643
6544
7993
7610
4724
7643
7370
6548
3052
2962
5446
1859
8098
1220
5153
3184
7025
2866
2735
6135
6400
8057
3205
469
6881
3443
2589
7330
4063
2979
491
4858
6384
1758
2127
6486
6862
8199
7754
8870
2500
8735
3404
144
3843
5237
8781
8122
1298
8470
7015
2843
8898
7020
2648
8787
945
4537
5555
2921
8934
2531
6519
91
481
502
1102
8926
6373
3306
1646
936
3049
1401
3613
3811
6109
8964
8131
6282
4618
1666
8145
2655
1846
6663
6018
2162
7529
2105
6286
1799
7948
5200
2920
1255
487
7070
7332
312
6526
5900
987
922
7353
627
7860
6934
3142
901
6065
4059
5871
6490
2434
7785
837
1029
3106
5923
3193
7032
1857
5980
6735
4704
7782
4228
3368
8991
3446
2060
777
7712
4173
6517
8450
8859
7502
6699
7449
4904
1909
4384
8939
1487
4820
2610
2570
638
1560
7765
6028
817
2222
2301
4879
999
7887
1230
5552
2228
321
2099
2502
5307
3487
3040
8345
1035
3914
7265
5513
8699
6209
581
5742
7204
4003
6329
1841
1878
8605
2996
947
7080
4123
8589
8407
6687
4121
4203
8762
1120
7574
7199
5954
5457
8513
8578
2007
3408
4903
7394
852
2380
7944
8169
8473
8609
1671
4134
5504
5646
3904
4001
2041
816
964
7432
1631
2132
5211
62
2120
5183
3292
8561
5911
6073
8254
5717
7430
2225
6981
7571
3060
8344
7946
5455
8123
5010
6666
6963
1784
5774
597
5542
6257
3319
7812
6353
6799
4486
4322
5255
642
8577
7215
5433
8325
8297
3304
5848
5379
5282
8387
5621
5809
1112
8677
7385
3114
1099
4114
5995
8334
8638
6204
4787
3162
5715
4482
3072
1986
2559
4974
5442
7035
4557
5700
5550
2860
342
2092
3139
1301
7496
8205
7034
5999
7823
5766
4916
3596
455
6085
563
588
6318
7631
4234
1126
6508
3927
8753
3997
8885
7055
8568
8989
2435
5753
7909
3952
7645
5600
1716
4839
8261
5244
3754
3433
6850
990
270
3299
6796
5814
4871
6208
169
8738
3089
7806
1567
5796
3625
8408
6375
7808
8026
101
5670
8606
3897
6036
1353
1712
4474
3411
7872
3267
4391
2077
3612
3605
1215
1019
3931
6224
5104
6759
2278
5936
7666
965
7876
4174
5135
3476
7056
8089
4906
3519
1811
2689
1249
7776
3877
2033
2815
4044
6742
1205
3634
4428
7714
2750
6801
7599
5788
1461
4959
8399
1845
7990
8925
900
164
4962
1451
6763
6681
3944
6346
5068
7975
8367
6043
4183
6453
8987
702
4060
2334
1620
8316
1882
1247
7411
6466
231
4798
3505
3764
7192
866
2548
1293
6977
349
4318
36
8510
2506
7822
5321
1870
1761
4605
5561
6621
6966
3220
3297
562
7699
5077
8512
1591
927
5902
8494
8815
2323
8349
1193
222
7733
8631
5759
6066
7553
3112
3863
3475
8901
8167
4678
8314
1153
8604
2529
629
5622
5772
4344
4139
4062
5380
6652
5951
6904
5130
6310
3524
4313
7316
2748
8749
8294
8469
7937
6630
6849
3263
33
4275
6250
4400
6644
66
3024
8121
8723
1728
3761
6307
4109
4797
3542
5915
3772
6961
7339
5899
4363
7547
8230
3527
6502
4960
2665
5768
1498
8447
5190
3394
1820
1888
8635
3777
8051
2316
1254
5834
2310
2265
8672
5627
4843
7624
1154
3164
4823
5286
2474
7636
437
474
6068
3296
243
5479
7210
8682
5012
1619
6383
1993
2567
5925
5114
381
1866
610
8669
7777
5403
5214
7344
7919
6822
7
8112
3789
939
8596
8789
2796
5501
7884
2313
6975
2029
4513
1970
281
827
4633
4917
4516
4841
2348
7061
7918
4545
7279
1406
1297
7335
7935
274
1187
3957
8527
3011
7038
2853
5687
5430
5845
5884
8558
1424
8583
6846
3799
8688
283
6046
8642
5785
7378
7225
5684
1275
236
2408
5722
8132
741
4113
4450
5212
819
2161
4022
6264
8959
6671
8524
2964
8264
5603
3526
823
2897
4538
6633
7417
5373
3842
3610
3111
5823
5141
4556
3190
7239
1182
1890
1689
7534
7041
4128
173
7758
2625
1433
4701
3722
1050
5832
7046
204
2718
3125
325
7318
5807
9000
5529
3550
3793
4108
5206
8867
1290
5960
1486
5601
5818
6762
8095
8629
2469
4312
4427
4763
6586
3583
8360
7419
2799
5556
4286
2102
8793
4780
2658
4347
7193
5418
844
7737
5267
4994
6216
8338
182
2940
4895
2479
5260
6228
6429
8876
6080
1323
8168
6604
5458
8157
4946
3294
240
981
8705
4345
4936
4093
4805
3866
5421
2396
2911
4852
7921
7566
6658
8448
6053
5182
5219
1243
4270
2983
2542
6535
2379
6223
2705
5394
8250
959
5958
8912
7537
3464
6669
948
5191
7433
5858
577
3987
1200
3917
1902
19
6037
546
8400
5477
8102
4287
6446
7186
1903
1415
7317
4547
2565
3301
2413
2594
1919
2641
6454
2069
8697
5993
4149
3977
6785
4477
7369
8525
802
3360
1696
8084
7891
4475
543
7740
6152
4162
7623
765
5224
2389
1485
4840
7748
934
8220
4447
5476
4902
1697
5880
4418
4323
7287
2424
1171
2483
1242
8782
856
5662
6379
2695
1000
566
5610
4230
5517
883
8853
1229
6165
7441
2103
42
1577
7783
3890
2789
5701
5464
7255
8715
3587
1899
2780
8880
3383
3966
2169
6236
2998
2830
1815
1296
4294
5689
2150
1129
136
5527
8579
5287
5125
7819
6558
8724
4739
5894
534
6994
89
1166
3379
1084
3208
175
8637
6298
905
1086
2900
8994
4539
2877
4696
2600
5280
4639
8731
1025
6449
7008
6327
6229
5862
2030
2653
4562
8816
8366
4593
2409
5108
2777
5611
7093
6744
5592
2518
7787
2514
8270
5126
1320
4435
4594
2895
7221
3695
8893
3658
8114
2215
1204
8613
1895
3941
7000
5851
8765
3902
3101
3440
6747
2572
1995
4610
5934
3601
2524
1530
753
2039
1793
1326
778
5080
8708
1732
5584
6718
5439
4656
8780
8764
8632
3734
3086
6221
1976
7201
2862
3012
1527
2899
3483
2790
5545
8147
7381
6410
3195
319
2732
5295
4370
3234
5532
743
4190
7892
3460
6919
720
5180
1209
7620
2579
5604
3309
846
6112
4887
8
4726
6058
6715
418
4219
1413
5977
5046
932
2049
5131
1721
8116
6039
2634
4503
3053
1512
7252
8742
5577
698
1743
7307
4789
7900
1022
8664
6189
8584
2129
8460
5162
2394
2902
5882
3788
5833
7856
8319
6930
4846
6832
1384
5340
5270
6509
7790
5702
1500
8438
2555
1181
4812
4132
8986
2495
7105
3713
2981
1872
8097
2869
1412
2251
1495
4692
5436
3829
3858
7391
1116
4502
7101
3549
6462
1979
4429
2100
3028
4712
2890
8031
1938
4337
781
6305
7403
3344
8068
3622
6751
6818
8225
5794
2652
5588
2203
5991
3732
7413
1640
7087
2454
6343
5120
4237
763
1714
6522
1968
5721
8182
3490
8751
5438
6366
4775
7270
4309
3618
4824
5760
7243
7763
126
6336
8480
51
8039
6507
2737
1980
2823
8274
2277
4496
3454
3207
735
7945
5428
4728
7470
2368
4094
2509
7761
2801
6275
411
4104
5059
4039
7568
8756
1951
5904
8174
5538
1730
6350
8431
4956
6697
5110
3617
4268
5127
5376
3629
6518
7397
2497
3480
1759
2886
6702
2676
3119
6756
5230
4378
5470
8960
8908
4181
5036
2697
8322
4634
5496
2995
3961
2587
3916
6262
3463
2405
8550
663
3188
6636
1950
3348
8857
3776
2742
815
2293
8977
127
3991
632
8873
5658
5669
5483
2258
6511
4320
6272
6430
295
8272
8033
8804
874
1803
6603
5703
1393
7753
8923
2654
2708
1580
6019
4914
7423
2045
419
6141
3107
3492
7309
3893
3134
1616
8554
3274
7026
174
6184
4453
6933
7453
3671
3639
7340
8502
2429
1224
7392
3322
7966
6396
8022
5534
4723
6246
4536
1396
6308
3983
501
8528
1627
1792
6970
7185
8802
4152
3428
8927
5613
8623
673
1561
1092
7923
2888
3836
8310
3707
7200
968
2487
8485
2672
3736
5071
3489
1633
82
8141
6722
8305
5500
7468
7124
1110
6908
5257
3739
5898
4434
4500
5629
542
6354
4544
8955
8511
5399
2283
3663
7768
1557
462
7360
4490
110
1519
288
861
3844
7960
8085
6418
3891
1628
6324
7626
2679
7965
2441
1636
2057
7964
3340
5401
3729
301
4687
6889
7368
4575
855
186
4935
3209
3937
3282
3427
891
620
8233
5962
7874
1700
6958
3582
8236
3183
5208
2837
8062
307
8849
7379
5879
2764
7294
212
8094
6820
326
1581
2488
4722
4172
531
29
1981
6390
3481
1603
7305
414
7635
4559
8177
8382
7934
5927
7692
2811
2904
5637
1816
8517
3566
5731
4333
7290
6193
2232
6154
7057
7994
2851
4631
6833
87
4180
6642
6932
4460
1201
7467
6553
6149
6364
3640
2015
2195
5959
8315
3326
2751
6819
7237
2959
5348
1262
69
7615
7512
234
6789
1096
4360
6996
2398
1190
8590
621
4977
8429
2382
2086
3268
8514
4187
1373
1484
3355
2693
6938
7979
5370
6995
2997
7082
6662
2550
8354
6044
3237
7089
697
8948
7771
5855
3093
3039
415
185
409
1075
693
4390
8874
5459
1018
7813
3388
6842
8503
2250
770
3650
111
7167
1843
6848
6853
2785
5275
1694
6757
847
171
8351
8913
6592
5793
6824
1904
8988
7682
5003
739
8757
8846
1378
6438
1107
3352
4424
7672
1464
7249
3337
7613
3881
378
5781
5941
1054
4621
731
4413
6885
8536
8886
3288
4958
2994
1687
4921
5947
628
8242
327
1460
3949
3116
8521
4659
7726
7415
7735
2403
5762
8293
2315
445
8079
2263
5560
8195
593
8103
2059
7693
1038
792
1813
634
4045
681
4335
2055
4213
5897
3315
3603
1103
4296
4700
235
7951
2575
857
2240
1996
3530
808
5620
2932
2247
2906
2089
8281
2847
5109
4356
350
8817
5367
4068
6012
5536
1279
6852
4049
2192
155
4882
6749
4975
320
1111
8471
707
6463
6619
1966
7925
6808
1509
1880
3767
3148
7980
3311
7259
4783
2606
8347
7731
1952
800
1442
7085
2850
4163
1807
8444
4899
2193
2957
1653
5361
6297
5969
1946
3733
4488
5186
6793
5586
8166
7147
6567
4466
6890
859
5093
4260
7066
669
2237
70
7628
7231
552
4462
5587
2852
1578
583
1027
4389
1991
2841
618
5953
1322
8171
8368
871
4788
737
6992
4898
10
8252
2846
5372
2545
6002
2544
7802
3800
7650
8212
7484
7179
834
7642
5448
8313
5798
4338
1140
5328
8362
4651
264
6450
5156
8036
8404
8188
4755
2075
6780
5972
5319
2908
7153
6910
1048
1341
1423
8489
2133
5360
7654
3302
2199
1250
5891
4944
178
2080
98
564
2971
4248
3745
108
8599
7545
6007
8221
4407
8888
7308
3236
7689
974
2207
4168
8519
8339
6201
2905
8396
7018
6936
4697
5596
2867
210
8648
3065
3546
7903
6815
2508
7739
1885
6591
7589
1504
6485
238
5268
1213
4650
2056
5284
2818
444
3607
7329
8187
7770
4720
6505
3635
1231
4024
2709
1949
7500
7088
2738
5081
8288
3816
6401
7824
1624
3465
2463
1606
3240
7956
2109
7664
8829
1076
4401
1772
4239
2934
7096
7184
8560
3014
4829
3216
2868
3466
2455
2184
7524
1850
7347
601
1540
7166
4472
2747
7189
4195
6536
2154
3099
2078
2907
6296
3687
6274
1797
6754
3232
7120
6857
6750
8096
1707
4828
8352
8117
7536
4961
457
8719
2623
3517
6861
3255
7883
7048
5726
3046
2499
6243
8825
8687
1240
2148
2490
5616
7530
3970
6730
2032
7827
8936
8828
3984
5325
6004
5573
1722
6076
357
4242
3117
3417
8093
3247
7831
1169
8336
5506
8381
8440
7580
3541
8534
3889
124
6484
5329
5409
2788
8823
4257
4036
3063
6523
4423
5693
8341
7555
4098
512
4694
6213
493
7679
5236
5469
3960
2377
7738
842
4199
850
2200
2052
4620
7698
5672
7282
7351
3269
6803
7999
4664
6952
7970
1462
6185
4849
1452
8656
2186
8788
8975
463
6874
3425
6434
3959
4458
1955
5096
1543
27
6309
972
6836
8113
8628
2933
2619
7357
8312
2614
5025
6825
4006
5948
6322
7756
2859
7910
6320
7377
2196
7320
5653
8869
5699
6106
5320
428
2064
4506
3654
2715
107
3723
8044
8805
92
5691
7444
3246
4194
5198
8161
1516
2230
1744
5679
7609
5167
2181
4543
6620
6431
747
6440
287
4216
5035
992
1070
1431
6534
3495
6455
586
4250
8675
1918
2519
8467
2628
4943
3817
5997
7681
5782
793
6916
1766
8391
5386
3082
6837
8711
3803
8681
6572
6172
1786
3653
1337
4035
4517
7425
5222
851
6206
3308
6956
830
1586
8904
5866
2752
5402
8053
8434
4422
94
6436
7197
4404
114
1426
64
7653
6867
5246
5474
4202
2578
3088
2794
607
7079
551
1960
1439
7846
4097
8433
4806
754
4825
256
2130
7985
6328
3310
7541
6701
8922
4576
5335
257
8080
8772
4100
8824
245
3929
1259
637
973
2034
5397
7757
6008
3449
1611
3198
568
2792
8118
5417
6478
8289
7744
5939
2373
5133
8795
2058
1588
241
4319
6989
3174
841
559
3697
3401
2350
1587
3035
6892
2123
2378
2716
6635
6894
1132
3570
6432
7426
4844
2814
5277
2014
1768
3946
7356
528
367
6984
1964
2329
1114
7109
7810
93
1202
8476
5177
854
3999
8800
5124
2418
1066
392
2883
8646
5674
8526
5140
8206
154
1445
